/*--------------------------------*- C++ -*----------------------------------*\
| =========                 |                                                 |
| \\      /  F ield         | OpenFOAM: The Open Source CFD Toolbox           |
|  \\    /   O peration     | Version:  2512                                  |
|   \\  /    A nd           | Website:  www.openfoam.com                      |
|    \\/     M anipulation  |                                                 |
\*---------------------------------------------------------------------------*/
FoamFile
{
    version     2.0;
    format      binary;
    arch        "LSB;label=32;scalar=64";
    class       cellSet;
    location    "constant/polyMesh/sets";
    object      fluid;
}
// * * * * * * * * * * * * * * * * * * * * * * * * * * * * * * * * * * * * * //


4800
(
8
9
14
15
16
17
22
23
24
25
30
31
32
33
38
39
40
41
46
47
48
49
54
55
72
73
78
79
80
81
86
87
88
89
94
95
96
97
102
103
104
105
110
111
112
113
118
119
136
137
142
143
144
145
150
151
152
153
158
159
160
161
166
167
168
169
174
175
176
177
182
183
200
201
206
207
208
209
214
215
216
217
222
223
224
225
230
231
232
233
238
239
240
241
246
247
264
265
270
271
272
273
278
279
280
281
286
287
288
289
294
295
296
297
302
303
304
305
310
311
328
329
334
335
336
337
342
343
344
345
350
351
352
353
358
359
360
361
366
367
368
369
374
375
392
393
398
399
400
401
406
407
408
409
414
415
416
417
422
423
424
425
430
431
432
433
438
439
456
457
462
463
464
465
470
471
472
473
478
479
480
481
486
487
488
489
494
495
496
497
502
503
520
521
526
527
528
529
534
535
536
537
542
543
544
545
550
551
552
553
558
559
560
561
566
567
584
585
590
591
592
593
598
599
600
601
606
607
608
609
614
615
616
617
622
623
624
625
630
631
648
649
654
655
656
657
662
663
664
665
670
671
672
673
678
679
680
681
686
687
688
689
694
695
712
713
718
719
720
721
726
727
728
729
734
735
736
737
742
743
744
745
750
751
752
753
758
759
776
777
782
783
784
785
790
791
792
793
798
799
800
801
806
807
808
809
814
815
816
817
822
823
840
841
846
847
848
849
854
855
856
857
862
863
864
865
870
871
872
873
878
879
880
881
886
887
904
905
910
911
912
913
918
919
920
921
926
927
928
929
934
935
936
937
942
943
944
945
950
951
968
969
974
975
976
977
982
983
984
985
990
991
992
993
998
999
1000
1001
1006
1007
1008
1009
1014
1015
1032
1033
1038
1039
1040
1041
1046
1047
1048
1049
1054
1055
1056
1057
1062
1063
1064
1065
1070
1071
1072
1073
1078
1079
1096
1097
1102
1103
1104
1105
1110
1111
1112
1113
1118
1119
1120
1121
1126
1127
1128
1129
1134
1135
1136
1137
1142
1143
1160
1161
1166
1167
1168
1169
1174
1175
1176
1177
1182
1183
1184
1185
1190
1191
1192
1193
1198
1199
1200
1201
1206
1207
1224
1225
1230
1231
1232
1233
1238
1239
1240
1241
1246
1247
1248
1249
1254
1255
1256
1257
1262
1263
1264
1265
1270
1271
1288
1289
1294
1295
1296
1297
1302
1303
1304
1305
1310
1311
1312
1313
1318
1319
1320
1321
1326
1327
1328
1329
1334
1335
1352
1353
1358
1359
1360
1361
1366
1367
1368
1369
1374
1375
1376
1377
1382
1383
1384
1385
1390
1391
1392
1393
1398
1399
1416
1417
1422
1423
1424
1425
1430
1431
1432
1433
1438
1439
1440
1441
1446
1447
1448
1449
1454
1455
1456
1457
1462
1463
1480
1481
1486
1487
1488
1489
1494
1495
1496
1497
1502
1503
1504
1505
1510
1511
1512
1513
1518
1519
1520
1521
1526
1527
1544
1545
1550
1551
1552
1553
1558
1559
1560
1561
1566
1567
1568
1569
1574
1575
1576
1577
1582
1583
1584
1585
1590
1591
1608
1609
1614
1615
1616
1617
1622
1623
1624
1625
1630
1631
1632
1633
1638
1639
1640
1641
1646
1647
1648
1649
1654
1655
1672
1673
1678
1679
1680
1681
1686
1687
1688
1689
1694
1695
1696
1697
1702
1703
1704
1705
1710
1711
1712
1713
1718
1719
1736
1737
1742
1743
1744
1745
1750
1751
1752
1753
1758
1759
1760
1761
1766
1767
1768
1769
1774
1775
1776
1777
1782
1783
1800
1801
1806
1807
1808
1809
1814
1815
1816
1817
1822
1823
1824
1825
1830
1831
1832
1833
1838
1839
1840
1841
1846
1847
1864
1865
1870
1871
1872
1873
1878
1879
1880
1881
1886
1887
1888
1889
1894
1895
1896
1897
1902
1903
1904
1905
1910
1911
1928
1929
1934
1935
1936
1937
1942
1943
1944
1945
1950
1951
1952
1953
1958
1959
1960
1961
1966
1967
1968
1969
1974
1975
1992
1993
1998
1999
2000
2001
2006
2007
2008
2009
2014
2015
2016
2017
2022
2023
2024
2025
2030
2031
2032
2033
2038
2039
2056
2057
2062
2063
2064
2065
2070
2071
2072
2073
2078
2079
2080
2081
2086
2087
2088
2089
2094
2095
2096
2097
2102
2103
2120
2121
2126
2127
2128
2129
2134
2135
2136
2137
2142
2143
2144
2145
2150
2151
2152
2153
2158
2159
2160
2161
2166
2167
2184
2185
2190
2191
2192
2193
2198
2199
2200
2201
2206
2207
2208
2209
2214
2215
2216
2217
2222
2223
2224
2225
2230
2231
2248
2249
2254
2255
2256
2257
2262
2263
2264
2265
2270
2271
2272
2273
2278
2279
2280
2281
2286
2287
2288
2289
2294
2295
2312
2313
2318
2319
2320
2321
2326
2327
2328
2329
2334
2335
2336
2337
2342
2343
2344
2345
2350
2351
2352
2353
2358
2359
2376
2377
2382
2383
2384
2385
2390
2391
2392
2393
2398
2399
2400
2401
2406
2407
2408
2409
2414
2415
2416
2417
2422
2423
2440
2441
2446
2447
2448
2449
2454
2455
2456
2457
2462
2463
2464
2465
2470
2471
2472
2473
2478
2479
2480
2481
2486
2487
2504
2505
2510
2511
2512
2513
2518
2519
2520
2521
2526
2527
2528
2529
2534
2535
2536
2537
2542
2543
2544
2545
2550
2551
2568
2569
2574
2575
2576
2577
2582
2583
2584
2585
2590
2591
2592
2593
2598
2599
2600
2601
2606
2607
2608
2609
2614
2615
2632
2633
2638
2639
2640
2641
2646
2647
2648
2649
2654
2655
2656
2657
2662
2663
2664
2665
2670
2671
2672
2673
2678
2679
2696
2697
2702
2703
2704
2705
2710
2711
2712
2713
2718
2719
2720
2721
2726
2727
2728
2729
2734
2735
2736
2737
2742
2743
2760
2761
2766
2767
2768
2769
2774
2775
2776
2777
2782
2783
2784
2785
2790
2791
2792
2793
2798
2799
2800
2801
2806
2807
2824
2825
2830
2831
2832
2833
2838
2839
2840
2841
2846
2847
2848
2849
2854
2855
2856
2857
2862
2863
2864
2865
2870
2871
2888
2889
2894
2895
2896
2897
2902
2903
2904
2905
2910
2911
2912
2913
2918
2919
2920
2921
2926
2927
2928
2929
2934
2935
2952
2953
2958
2959
2960
2961
2966
2967
2968
2969
2974
2975
2976
2977
2982
2983
2984
2985
2990
2991
2992
2993
2998
2999
3016
3017
3022
3023
3024
3025
3030
3031
3032
3033
3038
3039
3040
3041
3046
3047
3048
3049
3054
3055
3056
3057
3062
3063
3080
3081
3086
3087
3088
3089
3094
3095
3096
3097
3102
3103
3104
3105
3110
3111
3112
3113
3118
3119
3120
3121
3126
3127
3144
3145
3150
3151
3152
3153
3158
3159
3160
3161
3166
3167
3168
3169
3174
3175
3176
3177
3182
3183
3184
3185
3190
3191
3208
3209
3214
3215
3216
3217
3222
3223
3224
3225
3230
3231
3232
3233
3238
3239
3240
3241
3246
3247
3248
3249
3254
3255
3272
3273
3278
3279
3280
3281
3286
3287
3288
3289
3294
3295
3296
3297
3302
3303
3304
3305
3310
3311
3312
3313
3318
3319
3336
3337
3342
3343
3344
3345
3350
3351
3352
3353
3358
3359
3360
3361
3366
3367
3368
3369
3374
3375
3376
3377
3382
3383
3400
3401
3406
3407
3408
3409
3414
3415
3416
3417
3422
3423
3424
3425
3430
3431
3432
3433
3438
3439
3440
3441
3446
3447
3464
3465
3470
3471
3472
3473
3478
3479
3480
3481
3486
3487
3488
3489
3494
3495
3496
3497
3502
3503
3504
3505
3510
3511
3528
3529
3534
3535
3536
3537
3542
3543
3544
3545
3550
3551
3552
3553
3558
3559
3560
3561
3566
3567
3568
3569
3574
3575
3592
3593
3598
3599
3600
3601
3606
3607
3608
3609
3614
3615
3616
3617
3622
3623
3624
3625
3630
3631
3632
3633
3638
3639
3656
3657
3662
3663
3664
3665
3670
3671
3672
3673
3678
3679
3680
3681
3686
3687
3688
3689
3694
3695
3696
3697
3702
3703
3720
3721
3726
3727
3728
3729
3734
3735
3736
3737
3742
3743
3744
3745
3750
3751
3752
3753
3758
3759
3760
3761
3766
3767
3784
3785
3790
3791
3792
3793
3798
3799
3800
3801
3806
3807
3808
3809
3814
3815
3816
3817
3822
3823
3824
3825
3830
3831
3848
3849
3854
3855
3856
3857
3862
3863
3864
3865
3870
3871
3872
3873
3878
3879
3880
3881
3886
3887
3888
3889
3894
3895
3912
3913
3918
3919
3920
3921
3926
3927
3928
3929
3934
3935
3936
3937
3942
3943
3944
3945
3950
3951
3952
3953
3958
3959
3976
3977
3982
3983
3984
3985
3990
3991
3992
3993
3998
3999
4000
4001
4006
4007
4008
4009
4014
4015
4016
4017
4022
4023
4040
4041
4046
4047
4048
4049
4054
4055
4056
4057
4062
4063
4064
4065
4070
4071
4072
4073
4078
4079
4080
4081
4086
4087
4104
4105
4110
4111
4112
4113
4118
4119
4120
4121
4126
4127
4128
4129
4134
4135
4136
4137
4142
4143
4144
4145
4150
4151
4168
4169
4174
4175
4176
4177
4182
4183
4184
4185
4190
4191
4192
4193
4198
4199
4200
4201
4206
4207
4208
4209
4214
4215
4232
4233
4238
4239
4240
4241
4246
4247
4248
4249
4254
4255
4256
4257
4262
4263
4264
4265
4270
4271
4272
4273
4278
4279
4296
4297
4302
4303
4304
4305
4310
4311
4312
4313
4318
4319
4320
4321
4326
4327
4328
4329
4334
4335
4336
4337
4342
4343
4360
4361
4366
4367
4368
4369
4374
4375
4376
4377
4382
4383
4384
4385
4390
4391
4392
4393
4398
4399
4400
4401
4406
4407
4424
4425
4430
4431
4432
4433
4438
4439
4440
4441
4446
4447
4448
4449
4454
4455
4456
4457
4462
4463
4464
4465
4470
4471
4488
4489
4494
4495
4496
4497
4502
4503
4504
4505
4510
4511
4512
4513
4518
4519
4520
4521
4526
4527
4528
4529
4534
4535
4552
4553
4558
4559
4560
4561
4566
4567
4568
4569
4574
4575
4576
4577
4582
4583
4584
4585
4590
4591
4592
4593
4598
4599
4616
4617
4622
4623
4624
4625
4630
4631
4632
4633
4638
4639
4640
4641
4646
4647
4648
4649
4654
4655
4656
4657
4662
4663
4680
4681
4686
4687
4688
4689
4694
4695
4696
4697
4702
4703
4704
4705
4710
4711
4712
4713
4718
4719
4720
4721
4726
4727
4744
4745
4750
4751
4752
4753
4758
4759
4760
4761
4766
4767
4768
4769
4774
4775
4776
4777
4782
4783
4784
4785
4790
4791
4808
4809
4814
4815
4816
4817
4822
4823
4824
4825
4830
4831
4832
4833
4838
4839
4840
4841
4846
4847
4848
4849
4854
4855
4872
4873
4878
4879
4880
4881
4886
4887
4888
4889
4894
4895
4896
4897
4902
4903
4904
4905
4910
4911
4912
4913
4918
4919
4936
4937
4942
4943
4944
4945
4950
4951
4952
4953
4958
4959
4960
4961
4966
4967
4968
4969
4974
4975
4976
4977
4982
4983
5000
5001
5006
5007
5008
5009
5014
5015
5016
5017
5022
5023
5024
5025
5030
5031
5032
5033
5038
5039
5040
5041
5046
5047
5064
5065
5070
5071
5072
5073
5078
5079
5080
5081
5086
5087
5088
5089
5094
5095
5096
5097
5102
5103
5104
5105
5110
5111
5128
5129
5134
5135
5136
5137
5142
5143
5144
5145
5150
5151
5152
5153
5158
5159
5160
5161
5166
5167
5168
5169
5174
5175
5192
5193
5198
5199
5200
5201
5206
5207
5208
5209
5214
5215
5216
5217
5222
5223
5224
5225
5230
5231
5232
5233
5238
5239
5256
5257
5262
5263
5264
5265
5270
5271
5272
5273
5278
5279
5280
5281
5286
5287
5288
5289
5294
5295
5296
5297
5302
5303
5320
5321
5326
5327
5328
5329
5334
5335
5336
5337
5342
5343
5344
5345
5350
5351
5352
5353
5358
5359
5360
5361
5366
5367
5384
5385
5390
5391
5392
5393
5398
5399
5400
5401
5406
5407
5408
5409
5414
5415
5416
5417
5422
5423
5424
5425
5430
5431
5448
5449
5454
5455
5456
5457
5462
5463
5464
5465
5470
5471
5472
5473
5478
5479
5480
5481
5486
5487
5488
5489
5494
5495
5512
5513
5518
5519
5520
5521
5526
5527
5528
5529
5534
5535
5536
5537
5542
5543
5544
5545
5550
5551
5552
5553
5558
5559
5576
5577
5582
5583
5584
5585
5590
5591
5592
5593
5598
5599
5600
5601
5606
5607
5608
5609
5614
5615
5616
5617
5622
5623
5640
5641
5646
5647
5648
5649
5654
5655
5656
5657
5662
5663
5664
5665
5670
5671
5672
5673
5678
5679
5680
5681
5686
5687
5704
5705
5710
5711
5712
5713
5718
5719
5720
5721
5726
5727
5728
5729
5734
5735
5736
5737
5742
5743
5744
5745
5750
5751
5768
5769
5774
5775
5776
5777
5782
5783
5784
5785
5790
5791
5792
5793
5798
5799
5800
5801
5806
5807
5808
5809
5814
5815
5832
5833
5838
5839
5840
5841
5846
5847
5848
5849
5854
5855
5856
5857
5862
5863
5864
5865
5870
5871
5872
5873
5878
5879
5896
5897
5902
5903
5904
5905
5910
5911
5912
5913
5918
5919
5920
5921
5926
5927
5928
5929
5934
5935
5936
5937
5942
5943
5960
5961
5966
5967
5968
5969
5974
5975
5976
5977
5982
5983
5984
5985
5990
5991
5992
5993
5998
5999
6000
6001
6006
6007
6024
6025
6030
6031
6032
6033
6038
6039
6040
6041
6046
6047
6048
6049
6054
6055
6056
6057
6062
6063
6064
6065
6070
6071
6088
6089
6094
6095
6096
6097
6102
6103
6104
6105
6110
6111
6112
6113
6118
6119
6120
6121
6126
6127
6128
6129
6134
6135
6152
6153
6158
6159
6160
6161
6166
6167
6168
6169
6174
6175
6176
6177
6182
6183
6184
6185
6190
6191
6192
6193
6198
6199
6216
6217
6222
6223
6224
6225
6230
6231
6232
6233
6238
6239
6240
6241
6246
6247
6248
6249
6254
6255
6256
6257
6262
6263
6280
6281
6286
6287
6288
6289
6294
6295
6296
6297
6302
6303
6304
6305
6310
6311
6312
6313
6318
6319
6320
6321
6326
6327
6344
6345
6350
6351
6352
6353
6358
6359
6360
6361
6366
6367
6368
6369
6374
6375
6376
6377
6382
6383
6384
6385
6390
6391
6408
6409
6414
6415
6416
6417
6422
6423
6424
6425
6430
6431
6432
6433
6438
6439
6440
6441
6446
6447
6448
6449
6454
6455
6472
6473
6478
6479
6480
6481
6486
6487
6488
6489
6494
6495
6496
6497
6502
6503
6504
6505
6510
6511
6512
6513
6518
6519
6536
6537
6542
6543
6544
6545
6550
6551
6552
6553
6558
6559
6560
6561
6566
6567
6568
6569
6574
6575
6576
6577
6582
6583
6600
6601
6606
6607
6608
6609
6614
6615
6616
6617
6622
6623
6624
6625
6630
6631
6632
6633
6638
6639
6640
6641
6646
6647
6664
6665
6670
6671
6672
6673
6678
6679
6680
6681
6686
6687
6688
6689
6694
6695
6696
6697
6702
6703
6704
6705
6710
6711
6728
6729
6734
6735
6736
6737
6742
6743
6744
6745
6750
6751
6752
6753
6758
6759
6760
6761
6766
6767
6768
6769
6774
6775
6792
6793
6798
6799
6800
6801
6806
6807
6808
6809
6814
6815
6816
6817
6822
6823
6824
6825
6830
6831
6832
6833
6838
6839
6856
6857
6862
6863
6864
6865
6870
6871
6872
6873
6878
6879
6880
6881
6886
6887
6888
6889
6894
6895
6896
6897
6902
6903
6920
6921
6926
6927
6928
6929
6934
6935
6936
6937
6942
6943
6944
6945
6950
6951
6952
6953
6958
6959
6960
6961
6966
6967
6984
6985
6990
6991
6992
6993
6998
6999
7000
7001
7006
7007
7008
7009
7014
7015
7016
7017
7022
7023
7024
7025
7030
7031
7048
7049
7054
7055
7056
7057
7062
7063
7064
7065
7070
7071
7072
7073
7078
7079
7080
7081
7086
7087
7088
7089
7094
7095
7112
7113
7118
7119
7120
7121
7126
7127
7128
7129
7134
7135
7136
7137
7142
7143
7144
7145
7150
7151
7152
7153
7158
7159
7176
7177
7182
7183
7184
7185
7190
7191
7192
7193
7198
7199
7200
7201
7206
7207
7208
7209
7214
7215
7216
7217
7222
7223
7240
7241
7246
7247
7248
7249
7254
7255
7256
7257
7262
7263
7264
7265
7270
7271
7272
7273
7278
7279
7280
7281
7286
7287
7304
7305
7310
7311
7312
7313
7318
7319
7320
7321
7326
7327
7328
7329
7334
7335
7336
7337
7342
7343
7344
7345
7350
7351
7368
7369
7374
7375
7376
7377
7382
7383
7384
7385
7390
7391
7392
7393
7398
7399
7400
7401
7406
7407
7408
7409
7414
7415
7432
7433
7438
7439
7440
7441
7446
7447
7448
7449
7454
7455
7456
7457
7462
7463
7464
7465
7470
7471
7472
7473
7478
7479
7496
7497
7502
7503
7504
7505
7510
7511
7512
7513
7518
7519
7520
7521
7526
7527
7528
7529
7534
7535
7536
7537
7542
7543
7560
7561
7566
7567
7568
7569
7574
7575
7576
7577
7582
7583
7584
7585
7590
7591
7592
7593
7598
7599
7600
7601
7606
7607
7624
7625
7630
7631
7632
7633
7638
7639
7640
7641
7646
7647
7648
7649
7654
7655
7656
7657
7662
7663
7664
7665
7670
7671
7688
7689
7694
7695
7696
7697
7702
7703
7704
7705
7710
7711
7712
7713
7718
7719
7720
7721
7726
7727
7728
7729
7734
7735
7752
7753
7758
7759
7760
7761
7766
7767
7768
7769
7774
7775
7776
7777
7782
7783
7784
7785
7790
7791
7792
7793
7798
7799
7816
7817
7822
7823
7824
7825
7830
7831
7832
7833
7838
7839
7840
7841
7846
7847
7848
7849
7854
7855
7856
7857
7862
7863
7880
7881
7886
7887
7888
7889
7894
7895
7896
7897
7902
7903
7904
7905
7910
7911
7912
7913
7918
7919
7920
7921
7926
7927
7944
7945
7950
7951
7952
7953
7958
7959
7960
7961
7966
7967
7968
7969
7974
7975
7976
7977
7982
7983
7984
7985
7990
7991
8008
8009
8014
8015
8016
8017
8022
8023
8024
8025
8030
8031
8032
8033
8038
8039
8040
8041
8046
8047
8048
8049
8054
8055
8072
8073
8078
8079
8080
8081
8086
8087
8088
8089
8094
8095
8096
8097
8102
8103
8104
8105
8110
8111
8112
8113
8118
8119
8136
8137
8142
8143
8144
8145
8150
8151
8152
8153
8158
8159
8160
8161
8166
8167
8168
8169
8174
8175
8176
8177
8182
8183
8200
8201
8206
8207
8208
8209
8214
8215
8216
8217
8222
8223
8224
8225
8230
8231
8232
8233
8238
8239
8240
8241
8246
8247
8264
8265
8270
8271
8272
8273
8278
8279
8280
8281
8286
8287
8288
8289
8294
8295
8296
8297
8302
8303
8304
8305
8310
8311
8328
8329
8334
8335
8336
8337
8342
8343
8344
8345
8350
8351
8352
8353
8358
8359
8360
8361
8366
8367
8368
8369
8374
8375
8392
8393
8398
8399
8400
8401
8406
8407
8408
8409
8414
8415
8416
8417
8422
8423
8424
8425
8430
8431
8432
8433
8438
8439
8456
8457
8462
8463
8464
8465
8470
8471
8472
8473
8478
8479
8480
8481
8486
8487
8488
8489
8494
8495
8496
8497
8502
8503
8520
8521
8526
8527
8528
8529
8534
8535
8536
8537
8542
8543
8544
8545
8550
8551
8552
8553
8558
8559
8560
8561
8566
8567
8584
8585
8590
8591
8592
8593
8598
8599
8600
8601
8606
8607
8608
8609
8614
8615
8616
8617
8622
8623
8624
8625
8630
8631
8648
8649
8654
8655
8656
8657
8662
8663
8664
8665
8670
8671
8672
8673
8678
8679
8680
8681
8686
8687
8688
8689
8694
8695
8712
8713
8718
8719
8720
8721
8726
8727
8728
8729
8734
8735
8736
8737
8742
8743
8744
8745
8750
8751
8752
8753
8758
8759
8776
8777
8782
8783
8784
8785
8790
8791
8792
8793
8798
8799
8800
8801
8806
8807
8808
8809
8814
8815
8816
8817
8822
8823
8840
8841
8846
8847
8848
8849
8854
8855
8856
8857
8862
8863
8864
8865
8870
8871
8872
8873
8878
8879
8880
8881
8886
8887
8904
8905
8910
8911
8912
8913
8918
8919
8920
8921
8926
8927
8928
8929
8934
8935
8936
8937
8942
8943
8944
8945
8950
8951
8968
8969
8974
8975
8976
8977
8982
8983
8984
8985
8990
8991
8992
8993
8998
8999
9000
9001
9006
9007
9008
9009
9014
9015
9032
9033
9038
9039
9040
9041
9046
9047
9048
9049
9054
9055
9056
9057
9062
9063
9064
9065
9070
9071
9072
9073
9078
9079
9096
9097
9102
9103
9104
9105
9110
9111
9112
9113
9118
9119
9120
9121
9126
9127
9128
9129
9134
9135
9136
9137
9142
9143
9160
9161
9166
9167
9168
9169
9174
9175
9176
9177
9182
9183
9184
9185
9190
9191
9192
9193
9198
9199
9200
9201
9206
9207
9224
9225
9230
9231
9232
9233
9238
9239
9240
9241
9246
9247
9248
9249
9254
9255
9256
9257
9262
9263
9264
9265
9270
9271
9288
9289
9294
9295
9296
9297
9302
9303
9304
9305
9310
9311
9312
9313
9318
9319
9320
9321
9326
9327
9328
9329
9334
9335
9352
9353
9358
9359
9360
9361
9366
9367
9368
9369
9374
9375
9376
9377
9382
9383
9384
9385
9390
9391
9392
9393
9398
9399
9416
9417
9422
9423
9424
9425
9430
9431
9432
9433
9438
9439
9440
9441
9446
9447
9448
9449
9454
9455
9456
9457
9462
9463
9480
9481
9486
9487
9488
9489
9494
9495
9496
9497
9502
9503
9504
9505
9510
9511
9512
9513
9518
9519
9520
9521
9526
9527
9544
9545
9550
9551
9552
9553
9558
9559
9560
9561
9566
9567
9568
9569
9574
9575
9576
9577
9582
9583
9584
9585
9590
9591
9608
9609
9614
9615
9616
9617
9622
9623
9624
9625
9630
9631
9632
9633
9638
9639
9640
9641
9646
9647
9648
9649
9654
9655
9672
9673
9678
9679
9680
9681
9686
9687
9688
9689
9694
9695
9696
9697
9702
9703
9704
9705
9710
9711
9712
9713
9718
9719
9736
9737
9742
9743
9744
9745
9750
9751
9752
9753
9758
9759
9760
9761
9766
9767
9768
9769
9774
9775
9776
9777
9782
9783
9800
9801
9806
9807
9808
9809
9814
9815
9816
9817
9822
9823
9824
9825
9830
9831
9832
9833
9838
9839
9840
9841
9846
9847
9864
9865
9870
9871
9872
9873
9878
9879
9880
9881
9886
9887
9888
9889
9894
9895
9896
9897
9902
9903
9904
9905
9910
9911
9928
9929
9934
9935
9936
9937
9942
9943
9944
9945
9950
9951
9952
9953
9958
9959
9960
9961
9966
9967
9968
9969
9974
9975
9992
9993
9998
9999
10000
10001
10006
10007
10008
10009
10014
10015
10016
10017
10022
10023
10024
10025
10030
10031
10032
10033
10038
10039
10056
10057
10062
10063
10064
10065
10070
10071
10072
10073
10078
10079
10080
10081
10086
10087
10088
10089
10094
10095
10096
10097
10102
10103
10120
10121
10126
10127
10128
10129
10134
10135
10136
10137
10142
10143
10144
10145
10150
10151
10152
10153
10158
10159
10160
10161
10166
10167
10184
10185
10190
10191
10192
10193
10198
10199
10200
10201
10206
10207
10208
10209
10214
10215
10216
10217
10222
10223
10224
10225
10230
10231
10248
10249
10254
10255
10256
10257
10262
10263
10264
10265
10270
10271
10272
10273
10278
10279
10280
10281
10286
10287
10288
10289
10294
10295
10312
10313
10318
10319
10320
10321
10326
10327
10328
10329
10334
10335
10336
10337
10342
10343
10344
10345
10350
10351
10352
10353
10358
10359
10376
10377
10382
10383
10384
10385
10390
10391
10392
10393
10398
10399
10400
10401
10406
10407
10408
10409
10414
10415
10416
10417
10422
10423
10440
10441
10446
10447
10448
10449
10454
10455
10456
10457
10462
10463
10464
10465
10470
10471
10472
10473
10478
10479
10480
10481
10486
10487
10504
10505
10510
10511
10512
10513
10518
10519
10520
10521
10526
10527
10528
10529
10534
10535
10536
10537
10542
10543
10544
10545
10550
10551
10568
10569
10574
10575
10576
10577
10582
10583
10584
10585
10590
10591
10592
10593
10598
10599
10600
10601
10606
10607
10608
10609
10614
10615
10632
10633
10638
10639
10640
10641
10646
10647
10648
10649
10654
10655
10656
10657
10662
10663
10664
10665
10670
10671
10672
10673
10678
10679
10696
10697
10702
10703
10704
10705
10710
10711
10712
10713
10718
10719
10720
10721
10726
10727
10728
10729
10734
10735
10736
10737
10742
10743
10760
10761
10766
10767
10768
10769
10774
10775
10776
10777
10782
10783
10784
10785
10790
10791
10792
10793
10798
10799
10800
10801
10806
10807
10824
10825
10830
10831
10832
10833
10838
10839
10840
10841
10846
10847
10848
10849
10854
10855
10856
10857
10862
10863
10864
10865
10870
10871
10888
10889
10894
10895
10896
10897
10902
10903
10904
10905
10910
10911
10912
10913
10918
10919
10920
10921
10926
10927
10928
10929
10934
10935
10952
10953
10958
10959
10960
10961
10966
10967
10968
10969
10974
10975
10976
10977
10982
10983
10984
10985
10990
10991
10992
10993
10998
10999
11016
11017
11022
11023
11024
11025
11030
11031
11032
11033
11038
11039
11040
11041
11046
11047
11048
11049
11054
11055
11056
11057
11062
11063
11080
11081
11086
11087
11088
11089
11094
11095
11096
11097
11102
11103
11104
11105
11110
11111
11112
11113
11118
11119
11120
11121
11126
11127
11144
11145
11150
11151
11152
11153
11158
11159
11160
11161
11166
11167
11168
11169
11174
11175
11176
11177
11182
11183
11184
11185
11190
11191
11208
11209
11214
11215
11216
11217
11222
11223
11224
11225
11230
11231
11232
11233
11238
11239
11240
11241
11246
11247
11248
11249
11254
11255
11272
11273
11278
11279
11280
11281
11286
11287
11288
11289
11294
11295
11296
11297
11302
11303
11304
11305
11310
11311
11312
11313
11318
11319
11336
11337
11342
11343
11344
11345
11350
11351
11352
11353
11358
11359
11360
11361
11366
11367
11368
11369
11374
11375
11376
11377
11382
11383
11400
11401
11406
11407
11408
11409
11414
11415
11416
11417
11422
11423
11424
11425
11430
11431
11432
11433
11438
11439
11440
11441
11446
11447
11464
11465
11470
11471
11472
11473
11478
11479
11480
11481
11486
11487
11488
11489
11494
11495
11496
11497
11502
11503
11504
11505
11510
11511
11528
11529
11534
11535
11536
11537
11542
11543
11544
11545
11550
11551
11552
11553
11558
11559
11560
11561
11566
11567
11568
11569
11574
11575
11592
11593
11598
11599
11600
11601
11606
11607
11608
11609
11614
11615
11616
11617
11622
11623
11624
11625
11630
11631
11632
11633
11638
11639
11656
11657
11662
11663
11664
11665
11670
11671
11672
11673
11678
11679
11680
11681
11686
11687
11688
11689
11694
11695
11696
11697
11702
11703
11720
11721
11726
11727
11728
11729
11734
11735
11736
11737
11742
11743
11744
11745
11750
11751
11752
11753
11758
11759
11760
11761
11766
11767
11784
11785
11790
11791
11792
11793
11798
11799
11800
11801
11806
11807
11808
11809
11814
11815
11816
11817
11822
11823
11824
11825
11830
11831
11848
11849
11854
11855
11856
11857
11862
11863
11864
11865
11870
11871
11872
11873
11878
11879
11880
11881
11886
11887
11888
11889
11894
11895
11912
11913
11918
11919
11920
11921
11926
11927
11928
11929
11934
11935
11936
11937
11942
11943
11944
11945
11950
11951
11952
11953
11958
11959
11976
11977
11982
11983
11984
11985
11990
11991
11992
11993
11998
11999
12000
12001
12006
12007
12008
12009
12014
12015
12016
12017
12022
12023
12040
12041
12046
12047
12048
12049
12054
12055
12056
12057
12062
12063
12064
12065
12070
12071
12072
12073
12078
12079
12080
12081
12086
12087
12104
12105
12110
12111
12112
12113
12118
12119
12120
12121
12126
12127
12128
12129
12134
12135
12136
12137
12142
12143
12144
12145
12150
12151
12168
12169
12174
12175
12176
12177
12182
12183
12184
12185
12190
12191
12192
12193
12198
12199
12200
12201
12206
12207
12208
12209
12214
12215
12232
12233
12238
12239
12240
12241
12246
12247
12248
12249
12254
12255
12256
12257
12262
12263
12264
12265
12270
12271
12272
12273
12278
12279
12296
12297
12302
12303
12304
12305
12310
12311
12312
12313
12318
12319
12320
12321
12326
12327
12328
12329
12334
12335
12336
12337
12342
12343
12360
12361
12366
12367
12368
12369
12374
12375
12376
12377
12382
12383
12384
12385
12390
12391
12392
12393
12398
12399
12400
12401
12406
12407
12424
12425
12430
12431
12432
12433
12438
12439
12440
12441
12446
12447
12448
12449
12454
12455
12456
12457
12462
12463
12464
12465
12470
12471
12488
12489
12494
12495
12496
12497
12502
12503
12504
12505
12510
12511
12512
12513
12518
12519
12520
12521
12526
12527
12528
12529
12534
12535
12552
12553
12558
12559
12560
12561
12566
12567
12568
12569
12574
12575
12576
12577
12582
12583
12584
12585
12590
12591
12592
12593
12598
12599
12616
12617
12622
12623
12624
12625
12630
12631
12632
12633
12638
12639
12640
12641
12646
12647
12648
12649
12654
12655
12656
12657
12662
12663
12680
12681
12686
12687
12688
12689
12694
12695
12696
12697
12702
12703
12704
12705
12710
12711
12712
12713
12718
12719
12720
12721
12726
12727
12744
12745
12750
12751
12752
12753
12758
12759
12760
12761
12766
12767
12768
12769
12774
12775
12776
12777
12782
12783
12784
12785
12790
12791
)


// ************************************************************************* //
