/*--------------------------------*- C++ -*----------------------------------*\
| =========                 |                                                 |
| \\      /  F ield         | OpenFOAM: The Open Source CFD Toolbox           |
|  \\    /   O peration     | Version:  2512                                  |
|   \\  /    A nd           | Website:  www.openfoam.com                      |
|    \\/     M anipulation  |                                                 |
\*---------------------------------------------------------------------------*/
FoamFile
{
    version     2.0;
    format      binary;
    arch        "LSB;label=32;scalar=64";
    class       faceSet;
    location    "constant/fluid/polyMesh/sets";
    object      layerFaces;
}
// * * * * * * * * * * * * * * * * * * * * * * * * * * * * * * * * * * * * * //


8000
(
16384
16387
32772
16390
32775
16395
32780
16398
32783
16403
32788
16405
32791
16408
16411
32796
32799
16416
16419
32804
32807
16424
16428
32812
32815
16435
32820
16437
32823
16440
16443
32828
32831
16448
16451
32836
32839
16456
16459
32844
32847
16464
16467
32852
32855
16472
16475
32860
32862
16480
32865
16483
32868
16488
32873
16491
32876
16496
32881
16499
32883
32886
16504
32889
16507
32894
16512
32897
16515
32902
16520
32906
16523
16528
32913
16531
32915
32918
16536
32921
16538
16541
32926
16544
32929
16549
32934
16552
32937
16557
32942
16559
32945
16562
16565
32950
32953
16570
16573
32958
32961
16578
16582
32966
32969
16589
32974
16591
32977
16594
16597
32982
32985
16602
16605
32990
32993
16610
16613
32998
33001
16618
16621
33006
33009
16626
16629
33014
33016
16634
33019
16637
33022
16642
33027
16645
33030
16650
33035
16653
33037
33040
16658
33043
16661
33048
16666
33051
16669
33056
16674
33060
16677
16682
33067
16685
33069
33072
16690
33075
16692
16695
33080
16698
33083
16703
33088
16706
33091
16711
33096
16713
33099
16716
16719
33104
33107
16724
16727
33112
33115
16732
16736
33120
33123
16743
33128
16745
33131
16748
16751
33136
33139
16756
16759
33144
33147
16764
16767
33152
33155
16772
16775
33160
33163
16780
16783
33168
33170
16788
33173
16791
33176
16796
33181
16799
33184
16804
33189
16807
33191
33194
16812
33197
16815
33202
16820
33205
16823
33210
16828
33214
16831
16836
33221
16839
33223
33226
16844
33229
16846
16849
33234
16852
33237
16857
33242
16860
33245
16865
33250
16867
33253
16870
16873
33258
33261
16878
16881
33266
33269
16886
16890
33274
33277
16897
33282
16899
33285
16902
16905
33290
33293
16910
16913
33298
33301
16918
16921
33306
33309
16926
16929
33314
33317
16934
16937
33322
33324
16942
33327
16945
33330
16950
33335
16953
33338
16958
33343
16961
33345
33348
16966
33351
16969
33356
16974
33359
16977
33364
16982
33368
16985
16990
33375
16993
33377
33380
16998
33383
17000
17003
33388
17006
33391
17011
33396
17014
33399
17019
33404
17021
33407
17024
17027
33412
33415
17032
17035
33420
33423
17040
17044
33428
33431
17051
33436
17053
33439
17056
17059
33444
33447
17064
17067
33452
33455
17072
17075
33460
33463
17080
17083
33468
33471
17088
17091
33476
33478
17096
33481
17099
33484
17104
33489
17107
33492
17112
33497
17115
33499
33502
17120
33505
17123
33510
17128
33513
17131
33518
17136
33522
17139
17144
33529
17147
33531
33534
17152
33537
17154
17157
33542
17160
33545
17165
33550
17168
33553
17173
33558
17175
33561
17178
17181
33566
33569
17186
17189
33574
33577
17194
17198
33582
33585
17205
33590
17207
33593
17210
17213
33598
33601
17218
17221
33606
33609
17226
17229
33614
33617
17234
17237
33622
33625
17242
17245
33630
33632
17250
33635
17253
33638
17258
33643
17261
33646
17266
33651
17269
33653
33656
17274
33659
17277
33664
17282
33667
17285
33672
17290
33676
17293
17298
33683
17301
33685
33688
17306
33691
17308
17311
33696
17314
33699
17319
33704
17322
33707
17327
33712
17329
33715
17332
17335
33720
33723
17340
17343
33728
33731
17348
17352
33736
33739
17359
33744
17361
33747
17364
17367
33752
33755
17372
17375
33760
33763
17380
17383
33768
33771
17388
17391
33776
33779
17396
17399
33784
33786
17404
33789
17407
33792
17412
33797
17415
33800
17420
33805
17423
33807
33810
17428
33813
17431
33818
17436
33821
17439
33826
17444
33830
17447
17452
33837
17455
33839
33842
17460
33845
17462
17465
33850
17468
33853
17473
33858
17476
33861
17481
33866
17483
33869
17486
17489
33874
33877
17494
17497
33882
33885
17502
17506
33890
33893
17513
33898
17515
33901
17518
17521
33906
33909
17526
17529
33914
33917
17534
17537
33922
33925
17542
17545
33930
33933
17550
17553
33938
33940
17558
33943
17561
33946
17566
33951
17569
33954
17574
33959
17577
33961
33964
17582
33967
17585
33972
17590
33975
17593
33980
17598
33984
17601
17606
33991
17609
33993
33996
17614
33999
17616
17619
34004
17622
34007
17627
34012
17630
34015
17635
34020
17637
34023
17640
17643
34028
34031
17648
17651
34036
34039
17656
17660
34044
34047
17667
34052
17669
34055
17672
17675
34060
34063
17680
17683
34068
34071
17688
17691
34076
34079
17696
17699
34084
34087
17704
17707
34092
34094
17712
34097
17715
34100
17720
34105
17723
34108
17728
34113
17731
34115
34118
17736
34121
17739
34126
17744
34129
17747
34134
17752
34138
17755
17760
34145
17763
34147
34150
17768
34153
17770
17773
34158
17776
34161
17781
34166
17784
34169
17789
34174
17791
34177
17794
17797
34182
34185
17802
17805
34190
34193
17810
17814
34198
34201
17821
34206
17823
34209
17826
17829
34214
34217
17834
17837
34222
34225
17842
17845
34230
34233
17850
17853
34238
34241
17858
17861
34246
34248
17866
34251
17869
34254
17874
34259
17877
34262
17882
34267
17885
34269
34272
17890
34275
17893
34280
17898
34283
17901
34288
17906
34292
17909
17914
34299
17917
34301
34304
17922
34307
17924
17927
34312
17930
34315
17935
34320
17938
34323
17943
34328
17945
34331
17948
17951
34336
34339
17956
17959
34344
34347
17964
17968
34352
34355
17975
34360
17977
34363
17980
17983
34368
34371
17988
17991
34376
34379
17996
17999
34384
34387
18004
18007
34392
34395
18012
18015
34400
34402
18020
34405
18023
34408
18028
34413
18031
34416
18036
34421
18039
34423
34426
18044
34429
18047
34434
18052
34437
18055
34442
18060
34446
18063
18068
34453
18071
34455
34458
18076
34461
18078
18081
34466
18084
34469
18089
34474
18092
34477
18097
34482
18099
34485
18102
18105
34490
34493
18110
18113
34498
34501
18118
18122
34506
34509
18129
34514
18131
34517
18134
18137
34522
34525
18142
18145
34530
34533
18150
18153
34538
34541
18158
18161
34546
34549
18166
18169
34554
34556
18174
34559
18177
34562
18182
34567
18185
34570
18190
34575
18193
34577
34580
18198
34583
18201
34588
18206
34591
18209
34596
18214
34600
18217
18222
34607
18225
34609
34612
18230
34615
18232
18235
34620
18238
34623
18243
34628
18246
34631
18251
34636
18253
34639
18256
18259
34644
34647
18264
18267
34652
34655
18272
18276
34660
34663
18283
34668
18285
34671
18288
18291
34676
34679
18296
18299
34684
34687
18304
18307
34692
34695
18312
18315
34700
34703
18320
18323
34708
34710
18328
34713
18331
34716
18336
34721
18339
34724
18344
34729
18347
34731
34734
18352
34737
18355
34742
18360
34745
18363
34750
18368
34754
18371
18376
34761
18379
34763
34766
18384
34769
18386
18389
34774
18392
34777
18397
34782
18400
34785
18405
34790
18407
34793
18410
18413
34798
34801
18418
18421
34806
34809
18426
18430
34814
34817
18437
34822
18439
34825
18442
18445
34830
34833
18450
18453
34838
34841
18458
18461
34846
34849
18466
18469
34854
34857
18474
18477
34862
34864
18482
34867
18485
34870
18490
34875
18493
34878
18498
34883
18501
34885
34888
18506
34891
18509
34896
18514
34899
18517
34904
18522
34908
18525
18530
34915
18533
34917
34920
18538
34923
18540
18543
34928
18546
34931
18551
34936
18554
34939
18559
34944
18561
34947
18564
18567
34952
34955
18572
18575
34960
34963
18580
18584
34968
34971
18591
34976
18593
34979
18596
18599
34984
34987
18604
18607
34992
34995
18612
18615
35000
35003
18620
18623
35008
35011
18628
18631
35016
35018
18636
35021
18639
35024
18644
35029
18647
35032
18652
35037
18655
35039
35042
18660
35045
18663
35050
18668
35053
18671
35058
18676
35062
18679
18684
35069
18687
35071
35074
18692
35077
18694
18697
35082
18700
35085
18705
35090
18708
35093
18713
35098
18715
35101
18718
18721
35106
35109
18726
18729
35114
35117
18734
18738
35122
35125
18745
35130
18747
35133
18750
18753
35138
35141
18758
18761
35146
35149
18766
18769
35154
35157
18774
18777
35162
35165
18782
18785
35170
35172
18790
35175
18793
35178
18798
35183
18801
35186
18806
35191
18809
35193
35196
18814
35199
18817
35204
18822
35207
18825
35212
18830
35216
18833
18838
35223
18841
35225
35228
18846
35231
18848
18851
35236
18854
35239
18859
35244
18862
35247
18867
35252
18869
35255
18872
18875
35260
35263
18880
18883
35268
35271
18888
18892
35276
35279
18899
35284
18901
35287
18904
18907
35292
35295
18912
18915
35300
35303
18920
18923
35308
35311
18928
18931
35316
35319
18936
18939
35324
35326
18944
35329
18947
35332
18952
35337
18955
35340
18960
35345
18963
35347
35350
18968
35353
18971
35358
18976
35361
18979
35366
18984
35370
18987
18992
35377
18995
35379
35382
19000
35385
19002
19005
35390
19008
35393
19013
35398
19016
35401
19021
35406
19023
35409
19026
19029
35414
35417
19034
19037
35422
35425
19042
19046
35430
35433
19053
35438
19055
35441
19058
19061
35446
35449
19066
19069
35454
35457
19074
19077
35462
35465
19082
19085
35470
35473
19090
19093
35478
35480
19098
35483
19101
35486
19106
35491
19109
35494
19114
35499
19117
35501
35504
19122
35507
19125
35512
19130
35515
19133
35520
19138
35524
19141
19146
35531
19149
35533
35536
19154
35539
19156
19159
35544
19162
35547
19167
35552
19170
35555
19175
35560
19177
35563
19180
19183
35568
35571
19188
19191
35576
35579
19196
19200
35584
35587
19207
35592
19209
35595
19212
19215
35600
35603
19220
19223
35608
35611
19228
19231
35616
35619
19236
19239
35624
35627
19244
19247
35632
35634
19252
35637
19255
35640
19260
35645
19263
35648
19268
35653
19271
35655
35658
19276
35661
19279
35666
19284
35669
19287
35674
19292
35678
19295
19300
35685
19303
35687
35690
19308
35693
19310
19313
35698
19316
35701
19321
35706
19324
35709
19329
35714
19331
35717
19334
19337
35722
35725
19342
19345
35730
35733
19350
19354
35738
35741
19361
35746
19363
35749
19366
19369
35754
35757
19374
19377
35762
35765
19382
19385
35770
35773
19390
19393
35778
35781
19398
19401
35786
35788
19406
35791
19409
35794
19414
35799
19417
35802
19422
35807
19425
35809
35812
19430
35815
19433
35820
19438
35823
19441
35828
19446
35832
19449
19454
35839
19457
35841
35844
19462
35847
19464
19467
35852
19470
35855
19475
35860
19478
35863
19483
35868
19485
35871
19488
19491
35876
35879
19496
19499
35884
35887
19504
19508
35892
35895
19515
35900
19517
35903
19520
19523
35908
35911
19528
19531
35916
35919
19536
19539
35924
35927
19544
19547
35932
35935
19552
19555
35940
35942
19560
35945
19563
35948
19568
35953
19571
35956
19576
35961
19579
35963
35966
19584
35969
19587
35974
19592
35977
19595
35982
19600
35986
19603
19608
35993
19611
35995
35998
19616
36001
19618
19621
36006
19624
36009
19629
36014
19632
36017
19637
36022
19639
36025
19642
19645
36030
36033
19650
19653
36038
36041
19658
19662
36046
36049
19669
36054
19671
36057
19674
19677
36062
36065
19682
19685
36070
36073
19690
19693
36078
36081
19698
19701
36086
36089
19706
19709
36094
36096
19714
36099
19717
36102
19722
36107
19725
36110
19730
36115
19733
36117
36120
19738
36123
19741
36128
19746
36131
19749
36136
19754
36140
19757
19762
36147
19765
36149
36152
19770
36155
19772
19775
36160
19778
36163
19783
36168
19786
36171
19791
36176
19793
36179
19796
19799
36184
36187
19804
19807
36192
36195
19812
19816
36200
36203
19823
36208
19825
36211
19828
19831
36216
36219
19836
19839
36224
36227
19844
19847
36232
36235
19852
19855
36240
36243
19860
19863
36248
36250
19868
36253
19871
36256
19876
36261
19879
36264
19884
36269
19887
36271
36274
19892
36277
19895
36282
19900
36285
19903
36290
19908
36294
19911
19916
36301
19919
36303
36306
19924
36309
19926
19929
36314
19932
36317
19937
36322
19940
36325
19945
36330
19947
36333
19950
19953
36338
36341
19958
19961
36346
36349
19966
19970
36354
36357
19977
36362
19979
36365
19982
19985
36370
36373
19990
19993
36378
36381
19998
20001
36386
36389
20006
20009
36394
36397
20014
20017
36402
36404
20022
36407
20025
36410
20030
36415
20033
36418
20038
36423
20041
36425
36428
20046
36431
20049
36436
20054
36439
20057
36444
20062
36448
20065
20070
36455
20073
36457
36460
20078
36463
20080
20083
36468
20086
36471
20091
36476
20094
36479
20099
36484
20101
36487
20104
20107
36492
36495
20112
20115
36500
36503
20120
20124
36508
36511
20131
36516
20133
36519
20136
20139
36524
36527
20144
20147
36532
36535
20152
20155
36540
36543
20160
20163
36548
36551
20168
20171
36556
36558
20176
36561
20179
36564
20184
36569
20187
36572
20192
36577
20195
36579
36582
20200
36585
20203
36590
20208
36593
20211
36598
20216
36602
20219
20224
36609
20227
36611
36614
20232
36617
20234
20237
36622
20240
36625
20245
36630
20248
36633
20253
36638
20255
36641
20258
20261
36646
36649
20266
20269
36654
36657
20274
20278
36662
36665
20285
36670
20287
36673
20290
20293
36678
36681
20298
20301
36686
36689
20306
20309
36694
36697
20314
20317
36702
36705
20322
20325
36710
36712
20330
36715
20333
36718
20338
36723
20341
36726
20346
36731
20349
36733
36736
20354
36739
20357
36744
20362
36747
20365
36752
20370
36756
20373
20378
36763
20381
36765
36768
20386
36771
20388
20391
36776
20394
36779
20399
36784
20402
36787
20407
36792
20409
36795
20412
20415
36800
36803
20420
20423
36808
36811
20428
20432
36816
36819
20439
36824
20441
36827
20444
20447
36832
36835
20452
20455
36840
36843
20460
20463
36848
36851
20468
20471
36856
36859
20476
20479
36864
36866
20484
36869
20487
36872
20492
36877
20495
36880
20500
36885
20503
36887
36890
20508
36893
20511
36898
20516
36901
20519
36906
20524
36910
20527
20532
36917
20535
36919
36922
20540
36925
20542
20545
36930
20548
36933
20553
36938
20556
36941
20561
36946
20563
36949
20566
20569
36954
36957
20574
20577
36962
36965
20582
20586
36970
36973
20593
36978
20595
36981
20598
20601
36986
36989
20606
20609
36994
36997
20614
20617
37002
37005
20622
20625
37010
37013
20630
20633
37018
37020
20638
37023
20641
37026
20646
37031
20649
37034
20654
37039
20657
37041
37044
20662
37047
20665
37052
20670
37055
20673
37060
20678
37064
20681
20686
37071
20689
37073
37076
20694
37079
20696
20699
37084
20702
37087
20707
37092
20710
37095
20715
37100
20717
37103
20720
20723
37108
37111
20728
20731
37116
37119
20736
20740
37124
37127
20747
37132
20749
37135
20752
20755
37140
37143
20760
20763
37148
37151
20768
20771
37156
37159
20776
20779
37164
37167
20784
20787
37172
37174
20792
37177
20795
37180
20800
37185
20803
37188
20808
37193
20811
37195
37198
20816
37201
20819
37206
20824
37209
20827
37214
20832
37218
20835
20840
37225
20843
37227
37230
20848
37233
20850
20853
37238
20856
37241
20861
37246
20864
37249
20869
37254
20871
37257
20874
20877
37262
37265
20882
20885
37270
37273
20890
20894
37278
37281
20901
37286
20903
37289
20906
20909
37294
37297
20914
20917
37302
37305
20922
20925
37310
37313
20930
20933
37318
37321
20938
20941
37326
37328
20946
37331
20949
37334
20954
37339
20957
37342
20962
37347
20965
37349
37352
20970
37355
20973
37360
20978
37363
20981
37368
20986
37372
20989
20994
37379
20997
37381
37384
21002
37387
21004
21007
37392
21010
37395
21015
37400
21018
37403
21023
37408
21025
37411
21028
21031
37416
37419
21036
21039
37424
37427
21044
21048
37432
37435
21055
37440
21057
37443
21060
21063
37448
37451
21068
21071
37456
37459
21076
21079
37464
37467
21084
21087
37472
37475
21092
21095
37480
37482
21100
37485
21103
37488
21108
37493
21111
37496
21116
37501
21119
37503
37506
21124
37509
21127
37514
21132
37517
21135
37522
21140
37526
21143
21148
37533
21151
37535
37538
21156
37541
21158
21161
37546
21164
37549
21169
37554
21172
37557
21177
37562
21179
37565
21182
21185
37570
37573
21190
21193
37578
37581
21198
21202
37586
37589
21209
37594
21211
37597
21214
21217
37602
37605
21222
21225
37610
37613
21230
21233
37618
37621
21238
21241
37626
37629
21246
21249
37634
37636
21254
37639
21257
37642
21262
37647
21265
37650
21270
37655
21273
37657
37660
21278
37663
21281
37668
21286
37671
21289
37676
21294
37680
21297
21302
37687
21305
37689
37692
21310
37695
21312
21315
37700
21318
37703
21323
37708
21326
37711
21331
37716
21333
37719
21336
21339
37724
37727
21344
21347
37732
37735
21352
21356
37740
37743
21363
37748
21365
37751
21368
21371
37756
37759
21376
21379
37764
37767
21384
21387
37772
37775
21392
21395
37780
37783
21400
21403
37788
37790
21408
37793
21411
37796
21416
37801
21419
37804
21424
37809
21427
37811
37814
21432
37817
21435
37822
21440
37825
21443
37830
21448
37834
21451
21456
37841
21459
37843
37846
21464
37849
21466
21469
37854
21472
37857
21477
37862
21480
37865
21485
37870
21487
37873
21490
21493
37878
37881
21498
21501
37886
37889
21506
21510
37894
37897
21517
37902
21519
37905
21522
21525
37910
37913
21530
21533
37918
37921
21538
21541
37926
37929
21546
21549
37934
37937
21554
21557
37942
37944
21562
37947
21565
37950
21570
37955
21573
37958
21578
37963
21581
37965
37968
21586
37971
21589
37976
21594
37979
21597
37984
21602
37988
21605
21610
37995
21613
37997
38000
21618
38003
21620
21623
38008
21626
38011
21631
38016
21634
38019
21639
38024
21641
38027
21644
21647
38032
38035
21652
21655
38040
38043
21660
21664
38048
38051
21671
38056
21673
38059
21676
21679
38064
38067
21684
21687
38072
38075
21692
21695
38080
38083
21700
21703
38088
38091
21708
21711
38096
38098
21716
38101
21719
38104
21724
38109
21727
38112
21732
38117
21735
38119
38122
21740
38125
21743
38130
21748
38133
21751
38138
21756
38142
21759
21764
38149
21767
38151
38154
21772
38157
21774
21777
38162
21780
38165
21785
38170
21788
38173
21793
38178
21795
38181
21798
21801
38186
38189
21806
21809
38194
38197
21814
21818
38202
38205
21825
38210
21827
38213
21830
21833
38218
38221
21838
21841
38226
38229
21846
21849
38234
38237
21854
21857
38242
38245
21862
21865
38250
38252
21870
38255
21873
38258
21878
38263
21881
38266
21886
38271
21889
38273
38276
21894
38279
21897
38284
21902
38287
21905
38292
21910
38296
21913
21918
38303
21921
38305
38308
21926
38311
21928
21931
38316
21934
38319
21939
38324
21942
38327
21947
38332
21949
38335
21952
21955
38340
38343
21960
21963
38348
38351
21968
21972
38356
38359
21979
38364
21981
38367
21984
21987
38372
38375
21992
21995
38380
38383
22000
22003
38388
38391
22008
22011
38396
38399
22016
22019
38404
38406
22024
38409
22027
38412
22032
38417
22035
38420
22040
38425
22043
38427
38430
22048
38433
22051
38438
22056
38441
22059
38446
22064
38450
22067
22072
38457
22075
38459
38462
22080
38465
22082
22085
38470
22088
38473
22093
38478
22096
38481
22101
38486
22103
38489
22106
22109
38494
38497
22114
22117
38502
38505
22122
22126
38510
38513
22133
38518
22135
38521
22138
22141
38526
38529
22146
22149
38534
38537
22154
22157
38542
38545
22162
22165
38550
38553
22170
22173
38558
38560
22178
38563
22181
38566
22186
38571
22189
38574
22194
38579
22197
38581
38584
22202
38587
22205
38592
22210
38595
22213
38600
22218
38604
22221
22226
38611
22229
38613
38616
22234
38619
22236
22239
38624
22242
38627
22247
38632
22250
38635
22255
38640
22257
38643
22260
22263
38648
38651
22268
22271
38656
38659
22276
22280
38664
38667
22287
38672
22289
38675
22292
22295
38680
38683
22300
22303
38688
38691
22308
22311
38696
38699
22316
22319
38704
38707
22324
22327
38712
38714
22332
38717
22335
38720
22340
38725
22343
38728
22348
38733
22351
38735
38738
22356
38741
22359
38746
22364
38749
22367
38754
22372
38758
22375
22380
38765
22383
38767
38770
22388
38773
22390
22393
38778
22396
38781
22401
38786
22404
38789
22409
38794
22411
38797
22414
22417
38802
38805
22422
22425
38810
38813
22430
22434
38818
38821
22441
38826
22443
38829
22446
22449
38834
38837
22454
22457
38842
38845
22462
22465
38850
38853
22470
22473
38858
38861
22478
22481
38866
38868
22486
38871
22489
38874
22494
38879
22497
38882
22502
38887
22505
38889
38892
22510
38895
22513
38900
22518
38903
22521
38908
22526
38912
22529
22534
38919
22537
38921
38924
22542
38927
22544
22547
38932
22550
38935
22555
38940
22558
38943
22563
38948
22565
38951
22568
22571
38956
38959
22576
22579
38964
38967
22584
22588
38972
38975
22595
38980
22597
38983
22600
22603
38988
38991
22608
22611
38996
38999
22616
22619
39004
39007
22624
22627
39012
39015
22632
22635
39020
39022
22640
39025
22643
39028
22648
39033
22651
39036
22656
39041
22659
39043
39046
22664
39049
22667
39054
22672
39057
22675
39062
22680
39066
22683
22688
39073
22691
39075
39078
22696
39081
22698
22701
39086
22704
39089
22709
39094
22712
39097
22717
39102
22719
39105
22722
22725
39110
39113
22730
22733
39118
39121
22738
22742
39126
39129
22749
39134
22751
39137
22754
22757
39142
39145
22762
22765
39150
39153
22770
22773
39158
39161
22778
22781
39166
39169
22786
22789
39174
39176
22794
39179
22797
39182
22802
39187
22805
39190
22810
39195
22813
39197
39200
22818
39203
22821
39208
22826
39211
22829
39216
22834
39220
22837
22842
39227
22845
39229
39232
22850
39235
22852
22855
39240
22858
39243
22863
39248
22866
39251
22871
39256
22873
39259
22876
22879
39264
39267
22884
22887
39272
39275
22892
22896
39280
39283
22903
39288
22905
39291
22908
22911
39296
39299
22916
22919
39304
39307
22924
22927
39312
39315
22932
22935
39320
39323
22940
22943
39328
39330
22948
39333
22951
39336
22956
39341
22959
39344
22964
39349
22967
39351
39354
22972
39357
22975
39362
22980
39365
22983
39370
22988
39374
22991
22996
39381
22999
39383
39386
23004
39389
23006
23009
39394
23012
39397
23017
39402
23020
39405
23025
39410
23027
39413
23030
23033
39418
39421
23038
23041
39426
39429
23046
23050
39434
39437
23057
39442
23059
39445
23062
23065
39450
39453
23070
23073
39458
39461
23078
23081
39466
39469
23086
23089
39474
39477
23094
23097
39482
39484
23102
39487
23105
39490
23110
39495
23113
39498
23118
39503
23121
39505
39508
23126
39511
23129
39516
23134
39519
23137
39524
23142
39528
23145
23150
39535
23153
39537
39540
23158
39543
23160
23163
39548
23166
39551
23171
39556
23174
39559
23179
39564
23181
39567
23184
23187
39572
39575
23192
23195
39580
39583
23200
23204
39588
39591
23211
39596
23213
39599
23216
23219
39604
39607
23224
23227
39612
39615
23232
23235
39620
39623
23240
23243
39628
39631
23248
23251
39636
39638
23256
39641
23259
39644
23264
39649
23267
39652
23272
39657
23275
39659
39662
23280
39665
23283
39670
23288
39673
23291
39678
23296
39682
23299
23304
39689
23307
39691
39694
23312
39697
23314
23317
39702
23320
39705
23325
39710
23328
39713
23333
39718
23335
39721
23338
23341
39726
39729
23346
23349
39734
39737
23354
23358
39742
39745
23365
39750
23367
39753
23370
23373
39758
39761
23378
23381
39766
39769
23386
23389
39774
39777
23394
23397
39782
39785
23402
23405
39790
39792
23410
39795
23413
39798
23418
39803
23421
39806
23426
39811
23429
39813
39816
23434
39819
23437
39824
23442
39827
23445
39832
23450
39836
23453
23458
39843
23461
39845
39848
23466
39851
23468
23471
39856
23474
39859
23479
39864
23482
39867
23487
39872
23489
39875
23492
23495
39880
39883
23500
23503
39888
39891
23508
23512
39896
39899
23519
39904
23521
39907
23524
23527
39912
39915
23532
23535
39920
39923
23540
23543
39928
39931
23548
23551
39936
39939
23556
23559
39944
39946
23564
39949
23567
39952
23572
39957
23575
39960
23580
39965
23583
39967
39970
23588
39973
23591
39978
23596
39981
23599
39986
23604
39990
23607
23612
39997
23615
39999
40002
23620
40005
23622
23625
40010
23628
40013
23633
40018
23636
40021
23641
40026
23643
40029
23646
23649
40034
40037
23654
23657
40042
40045
23662
23666
40050
40053
23673
40058
23675
40061
23678
23681
40066
40069
23686
23689
40074
40077
23694
23697
40082
40085
23702
23705
40090
40093
23710
23713
40098
40100
23718
40103
23721
40106
23726
40111
23729
40114
23734
40119
23737
40121
40124
23742
40127
23745
40132
23750
40135
23753
40140
23758
40144
23761
23766
40151
23769
40153
40156
23774
40159
23776
23779
40164
23782
40167
23787
40172
23790
40175
23795
40180
23797
40183
23800
23803
40188
40191
23808
23811
40196
40199
23816
23820
40204
40207
23827
40212
23829
40215
23832
23835
40220
40223
23840
23843
40228
40231
23848
23851
40236
40239
23856
23859
40244
40247
23864
23867
40252
40254
23872
40257
23875
40260
23880
40265
23883
40268
23888
40273
23891
40275
40278
23896
40281
23899
40286
23904
40289
23907
40294
23912
40298
23915
23920
40305
23923
40307
40310
23928
40313
23930
23933
40318
23936
40321
23941
40326
23944
40329
23949
40334
23951
40337
23954
23957
40342
40345
23962
23965
40350
40353
23970
23974
40358
40361
23981
40366
23983
40369
23986
23989
40374
40377
23994
23997
40382
40385
24002
24005
40390
40393
24010
24013
40398
40401
24018
24021
40406
40408
24026
40411
24029
40414
24034
40419
24037
40422
24042
40427
40429
24045
40432
24050
40435
24053
40440
24058
40443
24061
40448
24066
40452
24069
24074
40459
40461
24077
40464
24082
40467
24084
24087
40472
24090
40475
24095
40480
24098
40483
24103
40488
24105
40491
24108
24111
40496
40499
24116
24119
40504
40507
24124
40512
24128
40515
24135
40520
24137
40523
24140
24143
40528
40531
24148
24151
40536
40539
24156
24159
40544
40547
24164
24167
40552
40555
24172
24175
40560
40562
24180
40565
24183
40568
24188
40573
24191
40576
24196
40581
40583
24199
40586
24204
40589
24207
40594
24212
40597
24215
40602
24220
40606
24223
24228
40613
40615
24231
40618
24236
40621
24238
24241
40626
24244
40629
24249
40634
24252
40637
24257
40642
24259
40645
24262
24265
40650
40653
24270
24273
40658
40661
24278
40666
24282
40669
24289
40674
24291
40677
24294
24297
40682
40685
24302
24305
40690
40693
24310
24313
40698
40701
24318
24321
40706
40709
24326
24329
40714
40716
24334
40719
24337
40722
24342
40727
24345
40730
24350
40735
40737
24353
40740
24358
40743
24361
40748
24366
40751
24369
40756
24374
40760
24377
24382
40767
40769
24385
40772
24390
40775
24392
24395
40780
24398
40783
24403
40788
24406
40791
24411
40796
24413
40799
24416
24419
40804
40807
24424
24427
40812
40815
24432
40820
24436
40823
24443
40828
24445
40831
24448
24451
40836
40839
24456
24459
40844
40847
24464
24467
40852
40855
24472
24475
40860
40863
24480
24483
40868
40870
24488
40873
24491
40876
24496
40881
24499
40884
24504
40889
40891
24507
40894
24512
40897
24515
40902
24520
40905
24523
40910
24528
40914
24531
24536
40921
40923
24539
40926
24544
40929
24546
24549
40934
24552
40937
24557
40942
24560
40945
24565
40950
24567
40953
24570
24573
40958
40961
24578
24581
40966
40969
24586
40974
24590
40977
24597
40982
24599
40985
24602
24605
40990
40993
24610
24613
40998
41001
24618
24621
41006
41009
24626
24629
41014
41017
24634
24637
41022
41024
24642
41027
24645
41030
24650
41035
24653
41038
24658
41043
41045
24661
41048
24666
41051
24669
41056
24674
41059
24677
41064
24682
41068
24685
24690
41075
41077
24693
41080
24698
41083
24700
24703
41088
24706
41091
24711
41096
24714
41099
24719
41104
24721
41107
24724
24727
41112
41115
24732
24735
41120
41123
24740
41128
24744
41131
24751
41136
24753
41139
24756
24759
41144
41147
24764
24767
41152
41155
24772
24775
41160
41163
24780
24783
41168
41171
24788
24791
41176
41178
24796
41181
24799
41184
24804
41189
24807
41192
24812
41197
41199
24815
41202
24820
41205
24823
41210
24828
41213
24831
41218
24836
41222
24839
24844
41229
41231
24847
41234
24852
41237
24854
24857
41242
24860
41245
24865
41250
24868
41253
24873
41258
24875
41261
24878
24881
41266
41269
24886
24889
41274
41277
24894
41282
24898
41285
24905
41290
24907
41293
24910
24913
41298
41301
24918
24921
41306
41309
24926
24929
41314
41317
24934
24937
41322
41325
24942
24945
41330
41332
24950
41335
24953
41338
24958
41343
24961
41346
24966
41351
41353
24969
41356
24974
41359
24977
41364
24982
41367
24985
41372
24990
41376
24993
24998
41383
41385
25001
41388
25006
41391
25008
25011
41396
25014
41399
25019
41404
25022
41407
25027
41412
25029
41415
25032
25035
41420
41423
25040
25043
41428
41431
25048
41436
25052
41439
25059
41444
25061
41447
25064
25067
41452
41455
25072
25075
41460
41463
25080
25083
41468
41471
25088
25091
41476
41479
25096
25099
41484
41486
25104
41489
25107
41492
25112
41497
25115
41500
25120
41505
41507
25123
41510
25128
41513
25131
41518
25136
41521
25139
41526
25144
41530
25147
25152
41537
41539
25155
41542
25160
41545
25162
25165
41550
25168
41553
25173
41558
25176
41561
25181
41566
25183
41569
25186
25189
41574
41577
25194
25197
41582
41585
25202
41590
25206
41593
25213
41598
25215
41601
25218
25221
41606
41609
25226
25229
41614
41617
25234
25237
41622
41625
25242
25245
41630
41633
25250
25253
41638
41640
25258
41643
25261
41646
25266
41651
25269
41654
25274
41659
41661
25277
41664
25282
41667
25285
41672
25290
41675
25293
41680
25298
41684
25301
25306
41691
41693
25309
41696
25314
41699
25316
25319
41704
25322
41707
25327
41712
25330
41715
25335
41720
25337
41723
25340
25343
41728
41731
25348
25351
41736
41739
25356
41744
25360
41747
25367
41752
25369
41755
25372
25375
41760
41763
25380
25383
41768
41771
25388
25391
41776
41779
25396
25399
41784
41787
25404
25407
41792
41794
25412
41797
25415
41800
25420
41805
25423
41808
25428
41813
41815
25431
41818
25436
41821
25439
41826
25444
41829
25447
41834
25452
41838
25455
25460
41845
41847
25463
41850
25468
41853
25470
25473
41858
25476
41861
25481
41866
25484
41869
25489
41874
25491
41877
25494
25497
41882
41885
25502
25505
41890
41893
25510
41898
25514
41901
25521
41906
25523
41909
25526
25529
41914
41917
25534
25537
41922
41925
25542
25545
41930
41933
25550
25553
41938
41941
25558
25561
41946
41948
25566
41951
25569
41954
25574
41959
25577
41962
25582
41967
41969
25585
41972
25590
41975
25593
41980
25598
41983
25601
41988
25606
41992
25609
25614
41999
42001
25617
42004
25622
42007
25624
25627
42012
25630
42015
25635
42020
25638
42023
25643
42028
25645
42031
25648
25651
42036
42039
25656
25659
42044
42047
25664
42052
25668
42055
25675
42060
25677
42063
25680
25683
42068
42071
25688
25691
42076
42079
25696
25699
42084
42087
25704
25707
42092
42095
25712
25715
42100
42102
25720
42105
25723
42108
25728
42113
25731
42116
25736
42121
42123
25739
42126
25744
42129
25747
42134
25752
42137
25755
42142
25760
42146
25763
25768
42153
42155
25771
42158
25776
42161
25778
25781
42166
25784
42169
25789
42174
25792
42177
25797
42182
25799
42185
25802
25805
42190
42193
25810
25813
42198
42201
25818
42206
25822
42209
25829
42214
25831
42217
25834
25837
42222
42225
25842
25845
42230
42233
25850
25853
42238
42241
25858
25861
42246
42249
25866
25869
42254
42256
25874
42259
25877
42262
25882
42267
25885
42270
25890
42275
42277
25893
42280
25898
42283
25901
42288
25906
42291
25909
42296
25914
42300
25917
25922
42307
42309
25925
42312
25930
42315
25932
25935
42320
25938
42323
25943
42328
25946
42331
25951
42336
25953
42339
25956
25959
42344
42347
25964
25967
42352
42355
25972
42360
25976
42363
25983
42368
25985
42371
25988
25991
42376
42379
25996
25999
42384
42387
26004
26007
42392
42395
26012
26015
42400
42403
26020
26023
42408
42410
26028
42413
26031
42416
26036
42421
26039
42424
26044
42429
42431
26047
42434
26052
42437
26055
42442
26060
42445
26063
42450
26068
42454
26071
26076
42461
42463
26079
42466
26084
42469
26086
26089
42474
26092
42477
26097
42482
26100
42485
26105
42490
26107
42493
26110
26113
42498
42501
26118
26121
42506
42509
26126
42514
26130
42517
26137
42522
26139
42525
26142
26145
42530
42533
26150
26153
42538
42541
26158
26161
42546
42549
26166
26169
42554
42557
26174
26177
42562
42564
26182
42567
26185
42570
26190
42575
26193
42578
26198
42583
42585
26201
42588
26206
42591
26209
42596
26214
42599
26217
42604
26222
42608
26225
26230
42615
42617
26233
42620
26238
42623
26240
26243
42628
26246
42631
26251
42636
26254
42639
26259
42644
26261
42647
26264
26267
42652
42655
26272
26275
42660
42663
26280
42668
26284
42671
26291
42676
26293
42679
26296
26299
42684
42687
26304
26307
42692
42695
26312
26315
42700
42703
26320
26323
42708
42711
26328
26331
42716
42718
26336
42721
26339
42724
26344
42729
26347
42732
26352
42737
42739
26355
42742
26360
42745
26363
42750
26368
42753
26371
42758
26376
42762
26379
26384
42769
42771
26387
42774
26392
42777
26394
26397
42782
26400
42785
26405
42790
26408
42793
26413
42798
26415
42801
26418
26421
42806
42809
26426
26429
42814
42817
26434
42822
26438
42825
26445
42830
26447
42833
26450
26453
42838
42841
26458
26461
42846
42849
26466
26469
42854
42857
26474
26477
42862
42865
26482
26485
42870
42872
26490
42875
26493
42878
26498
42883
26501
42886
26506
42891
42893
26509
42896
26514
42899
26517
42904
26522
42907
26525
42912
26530
42916
26533
26538
42923
42925
26541
42928
26546
42931
26548
26551
42936
26554
42939
26559
42944
26562
42947
26567
42952
26569
42955
26572
26575
42960
42963
26580
26583
42968
42971
26588
42976
26592
42979
26599
42984
26601
42987
26604
26607
42992
42995
26612
26615
43000
43003
26620
26623
43008
43011
26628
26631
43016
43019
26636
26639
43024
43026
26644
43029
26647
43032
26652
43037
26655
43040
26660
43045
43047
26663
43050
26668
43053
26671
43058
26676
43061
26679
43066
26684
43070
26687
26692
43077
43079
26695
43082
26700
43085
26702
26705
43090
26708
43093
26713
43098
26716
43101
26721
43106
26723
43109
26726
26729
43114
43117
26734
26737
43122
43125
26742
43130
26746
43133
26753
43138
26755
43141
26758
26761
43146
43149
26766
26769
43154
43157
26774
26777
43162
43165
26782
26785
43170
43173
26790
26793
43178
43180
26798
43183
26801
43186
26806
43191
26809
43194
26814
43199
43201
26817
43204
26822
43207
26825
43212
26830
43215
26833
43220
26838
43224
26841
26846
43231
43233
26849
43236
26854
43239
26856
26859
43244
26862
43247
26867
43252
26870
43255
26875
43260
26877
43263
26880
26883
43268
43271
26888
26891
43276
43279
26896
43284
26900
43287
26907
43292
26909
43295
26912
26915
43300
43303
26920
26923
43308
43311
26928
26931
43316
43319
26936
26939
43324
43327
26944
26947
43332
43334
26952
43337
26955
43340
26960
43345
26963
43348
26968
43353
43355
26971
43358
26976
43361
26979
43366
26984
43369
26987
43374
26992
43378
26995
27000
43385
43387
27003
43390
27008
43393
27010
27013
43398
27016
43401
27021
43406
27024
43409
27029
43414
27031
43417
27034
27037
43422
43425
27042
27045
43430
43433
27050
43438
27054
43441
27061
43446
27063
43449
27066
27069
43454
43457
27074
27077
43462
43465
27082
27085
43470
43473
27090
27093
43478
43481
27098
27101
43486
43488
27106
43491
27109
43494
27114
43499
27117
43502
27122
43507
43509
27125
43512
27130
43515
27133
43520
27138
43523
27141
43528
27146
43532
27149
27154
43539
43541
27157
43544
27162
43547
27164
27167
43552
27170
43555
27175
43560
27178
43563
27183
43568
27185
43571
27188
27191
43576
43579
27196
27199
43584
43587
27204
43592
27208
43595
27215
43600
27217
43603
27220
27223
43608
43611
27228
27231
43616
43619
27236
27239
43624
43627
27244
27247
43632
43635
27252
27255
43640
43642
27260
43645
27263
43648
27268
43653
27271
43656
27276
43661
43663
27279
43666
27284
43669
27287
43674
27292
43677
27295
43682
27300
43686
27303
27308
43693
43695
27311
43698
27316
43701
27318
27321
43706
27324
43709
27329
43714
27332
43717
27337
43722
27339
43725
27342
27345
43730
43733
27350
27353
43738
43741
27358
43746
27362
43749
27369
43754
27371
43757
27374
27377
43762
43765
27382
27385
43770
43773
27390
27393
43778
43781
27398
27401
43786
43789
27406
27409
43794
43796
27414
43799
27417
43802
27422
43807
27425
43810
27430
43815
43817
27433
43820
27438
43823
27441
43828
27446
43831
27449
43836
27454
43840
27457
27462
43847
43849
27465
43852
27470
43855
27472
27475
43860
27478
43863
27483
43868
27486
43871
27491
43876
27493
43879
27496
27499
43884
43887
27504
27507
43892
43895
27512
43900
27516
43903
27523
43908
27525
43911
27528
27531
43916
43919
27536
27539
43924
43927
27544
27547
43932
43935
27552
27555
43940
43943
27560
27563
43948
43950
27568
43953
27571
43956
27576
43961
27579
43964
27584
43969
43971
27587
43974
27592
43977
27595
43982
27600
43985
27603
43990
27608
43994
27611
27616
44001
44003
27619
44006
27624
44009
27626
27629
44014
27632
44017
27637
44022
27640
44025
27645
44030
27647
44033
27650
27653
44038
44041
27658
27661
44046
44049
27666
44054
27670
44057
27677
44062
27679
44065
27682
27685
44070
44073
27690
27693
44078
44081
27698
27701
44086
44089
27706
27709
44094
44097
27714
27717
44102
44104
27722
44107
27725
44110
27730
44115
27733
44118
27738
44123
44125
27741
44128
27746
44131
27749
44136
27754
44139
27757
44144
27762
44148
27765
27770
44155
44157
27773
44160
27778
44163
27780
27783
44168
27786
44171
27791
44176
27794
44179
27799
44184
27801
44187
27804
27807
44192
44195
27812
27815
44200
44203
27820
44208
27824
44211
27831
44216
27833
44219
27836
27839
44224
44227
27844
27847
44232
44235
27852
27855
44240
44243
27860
27863
44248
44251
27868
27871
44256
44258
27876
44261
27879
44264
27884
44269
27887
44272
27892
44277
44279
27895
44282
27900
44285
27903
44290
27908
44293
27911
44298
27916
44302
27919
27924
44309
44311
27927
44314
27932
44317
27934
27937
44322
27940
44325
27945
44330
27948
44333
27953
44338
27955
44341
27958
27961
44346
44349
27966
27969
44354
44357
27974
44362
27978
44365
27985
44370
27987
44373
27990
27993
44378
44381
27998
28001
44386
44389
28006
28009
44394
44397
28014
28017
44402
44405
28022
28025
44410
44412
28030
44415
28033
44418
28038
44423
28041
44426
28046
44431
44433
28049
44436
28054
44439
28057
44444
28062
44447
28065
44452
28070
44456
28073
28078
44463
44465
28081
44468
28086
44471
28088
28091
44476
28094
44479
28099
44484
28102
44487
28107
44492
28109
44495
28112
28115
44500
44503
28120
28123
44508
44511
28128
44516
28132
44519
28139
44524
28141
44527
28144
28147
44532
44535
28152
28155
44540
44543
28160
28163
44548
44551
28168
28171
44556
44559
28176
28179
44564
44566
28184
44569
28187
44572
28192
44577
28195
44580
28200
44585
44587
28203
44590
28208
44593
28211
44598
28216
44601
28219
44606
28224
44610
28227
28232
44617
44619
28235
44622
28240
44625
28242
28245
44630
28248
44633
28253
44638
28256
44641
28261
44646
28263
44649
28266
28269
44654
44657
28274
28277
44662
44665
28282
44670
28286
44673
28293
44678
28295
44681
28298
28301
44686
44689
28306
28309
44694
44697
28314
28317
44702
44705
28322
28325
44710
44713
28330
28333
44718
44720
28338
44723
28341
44726
28346
44731
28349
44734
28354
44739
44741
28357
44744
28362
44747
28365
44752
28370
44755
28373
44760
28378
44764
28381
28386
44771
44773
28389
44776
28394
44779
28396
28399
44784
28402
44787
28407
44792
28410
44795
28415
44800
28417
44803
28420
28423
44808
44811
28428
28431
44816
44819
28436
44824
28440
44827
28447
44832
28449
44835
28452
28455
44840
44843
28460
28463
44848
44851
28468
28471
44856
44859
28476
28479
44864
44867
28484
28487
44872
44874
28492
44877
28495
44880
28500
44885
28503
44888
28508
44893
44895
28511
44898
28516
44901
28519
44906
28524
44909
28527
44914
28532
44918
28535
28540
44925
44927
28543
44930
28548
44933
28550
28553
44938
28556
44941
28561
44946
28564
44949
28569
44954
28571
44957
28574
28577
44962
44965
28582
28585
44970
44973
28590
44978
28594
44981
28601
44986
28603
44989
28606
28609
44994
44997
28614
28617
45002
45005
28622
28625
45010
45013
28630
28633
45018
45021
28638
28641
45026
45028
28646
45031
28649
45034
28654
45039
28657
45042
28662
45047
45049
28665
45052
28670
45055
28673
45060
28678
45063
28681
45068
28686
45072
28689
28694
45079
45081
28697
45084
28702
45087
28704
28707
45092
28710
45095
28715
45100
28718
45103
28723
45108
28725
45111
28728
28731
45116
45119
28736
28739
45124
45127
28744
45132
28748
45135
28755
45140
28757
45143
28760
28763
45148
45151
28768
28771
45156
45159
28776
28779
45164
45167
28784
28787
45172
45175
28792
28795
45180
45182
28800
45185
28803
45188
28808
45193
28811
45196
28816
45201
45203
28819
45206
28824
45209
28827
45214
28832
45217
28835
45222
28840
45226
28843
28848
45233
45235
28851
45238
28856
45241
28858
28861
45246
28864
45249
28869
45254
28872
45257
28877
45262
28879
45265
28882
28885
45270
45273
28890
28893
45278
45281
28898
45286
28902
45289
28909
45294
28911
45297
28914
28917
45302
45305
28922
28925
45310
45313
28930
28933
45318
45321
28938
28941
45326
45329
28946
28949
45334
45336
28954
45339
28957
45342
28962
45347
28965
45350
28970
45355
45357
28973
45360
28978
45363
28981
45368
28986
45371
28989
45376
28994
45380
28997
29002
45387
45389
29005
45392
29010
45395
29012
29015
45400
29018
45403
29023
45408
29026
45411
29031
45416
29033
45419
29036
29039
45424
45427
29044
29047
45432
45435
29052
45440
29056
45443
29063
45448
29065
45451
29068
29071
45456
45459
29076
29079
45464
45467
29084
29087
45472
45475
29092
29095
45480
45483
29100
29103
45488
45490
29108
45493
29111
45496
29116
45501
29119
45504
29124
45509
45511
29127
45514
29132
45517
29135
45522
29140
45525
29143
45530
29148
45534
29151
29156
45541
45543
29159
45546
29164
45549
29166
29169
45554
29172
45557
29177
45562
29180
45565
29185
45570
29187
45573
29190
29193
45578
45581
29198
29201
45586
45589
29206
45594
29210
45597
29217
45602
29219
45605
29222
29225
45610
45613
29230
29233
45618
45621
29238
29241
45626
45629
29246
29249
45634
45637
29254
29257
45642
45644
29262
45647
29265
45650
29270
45655
29273
45658
29278
45663
45665
29281
45668
29286
45671
29289
45676
29294
45679
29297
45684
29302
45688
29305
29310
45695
45697
29313
45700
29318
45703
29320
29323
45708
29326
45711
29331
45716
29334
45719
29339
45724
29341
45727
29344
29347
45732
45735
29352
29355
45740
45743
29360
45748
29364
45751
29371
45756
29373
45759
29376
29379
45764
45767
29384
29387
45772
45775
29392
29395
45780
45783
29400
29403
45788
45791
29408
29411
45796
45798
29416
45801
29419
45804
29424
45809
29427
45812
29432
45817
45819
29435
45822
45824
29440
45827
29443
45829
45832
29448
45835
29451
45840
29456
45841
45842
29459
45844
45847
29464
45849
29467
45852
45854
29472
45857
29474
45859
29477
45862
45864
29480
45867
45869
29485
45872
29488
45874
45877
29493
45879
29495
45882
29498
45884
29501
45887
45889
29506
45892
29509
45894
45897
29514
45899
45902
29518
45903
45904
45906
45909
29525
45911
29527
45914
29530
45915
29533
29538
29541
29546
29549
29554
29557
29562
29565
29570
29573
29578
29581
29586
29589
29594
29597
29602
29605
29610
29613
29618
29621
29626
29628
29631
29634
29639
29642
29647
29649
29652
29655
29660
29663
29668
29672
29679
29681
29684
29687
29692
29695
29700
29703
29708
29711
29716
29719
29724
29727
29732
29735
29740
29743
29748
29751
29756
29759
29764
29767
29772
29775
29780
29782
29785
29788
29793
29796
29801
29803
29806
29809
29814
29817
29822
29826
29833
29835
29838
29841
29846
29849
29854
29857
29862
29865
29870
29873
29878
29881
29886
29889
29894
29897
29902
29905
29910
29913
29918
29921
29926
29929
29934
29936
29939
29942
29947
29950
29955
29957
29960
29963
29968
29971
29976
29980
29987
29989
29992
29995
30000
30003
30008
30011
30016
30019
30024
30027
30032
30035
30040
30043
30048
30051
30056
30059
30064
30067
30072
30075
30080
30083
30088
30090
30093
30096
30101
30104
30109
30111
30114
30117
30122
30125
30130
30134
30141
30143
30146
30149
30154
30157
30162
30165
30170
30173
30178
30181
30186
30189
30194
30197
30202
30205
30210
30213
30218
30221
30226
30229
30234
30237
30242
30244
30247
30250
30255
30258
30263
30265
30268
30271
30276
30279
30284
30288
30295
30297
30300
30303
30308
30311
30316
30319
30324
30327
30332
30335
30340
30343
30348
30351
30356
30359
30364
30367
30372
30375
30380
30383
30388
30391
30396
30398
30401
30404
30409
30412
30417
30419
30422
30425
30430
30433
30438
30442
30449
30451
30454
30457
30462
30465
30470
30473
30478
30481
30486
30489
30494
30497
30502
30505
30510
30513
30518
30521
30526
30529
30534
30537
30542
30545
30550
30552
30555
30558
30563
30566
30571
30573
30576
30579
30584
30587
30592
30596
30603
30605
30608
30611
30616
30619
30624
30627
30632
30635
30640
30643
30648
30651
30656
30659
30664
30667
30672
30675
30680
30683
30688
30691
30696
30699
30704
30706
30709
30712
30717
30720
30725
30727
30730
30733
30738
30741
30746
30750
30757
30759
30762
30765
30770
30773
30778
30781
30786
30789
30794
30797
30802
30805
30810
30813
30818
30821
30826
30829
30834
30837
30842
30845
30850
30853
30858
30860
30863
30866
30871
30874
30879
30881
30884
30887
30892
30895
30900
30904
30911
30913
30916
30919
30924
30927
30932
30935
30940
30943
30948
30951
30956
30959
30964
30967
30972
30975
30980
30983
30988
30991
30996
30999
31004
31007
31012
31014
31017
31020
31025
31028
31033
31035
31038
31041
31046
31049
31054
31058
31065
31067
31070
31073
31078
31081
31086
31089
31094
31097
31102
31105
31110
31113
31118
31121
31126
31129
31134
31137
31142
31145
31150
31153
31158
31161
31166
31168
31171
31174
31179
31182
31187
31189
31192
31195
31200
31203
31208
31212
31219
31221
31224
31227
31232
31235
31240
31243
31248
31251
31256
31259
31264
31267
31272
31275
31280
31283
31288
31291
31296
31299
31304
31307
31312
31315
31320
31322
31325
31328
31333
31336
31341
31343
31346
31349
31354
31357
31362
31366
31373
31375
31378
31381
31386
31389
31394
31397
31402
31405
31410
31413
31418
31421
31426
31429
31434
31437
31442
31445
31450
31453
31458
31461
31466
31469
31474
31476
31479
31482
31487
31490
31495
31497
31500
31503
31508
31511
31516
31520
31527
31529
31532
31535
31540
31543
31548
31551
31556
31559
15176
15179
31564
31567
15184
15187
31572
31575
15192
15196
31580
31583
15203
31588
15205
31591
15208
15211
31596
31599
15216
15219
31604
31607
15224
15227
31612
31615
15232
15235
31620
31623
15240
15243
31628
31630
15248
31633
15251
31636
15256
31641
15259
31644
15264
31649
15267
31651
31654
15272
31657
15275
31662
15280
31665
15283
31670
15288
31674
15291
15296
31681
15299
31683
31686
15304
31689
15306
15309
31694
15312
31697
15317
31702
15320
31705
15325
31710
15327
31713
15330
15333
31718
31721
15338
15341
31726
31729
15346
15350
31734
31737
15357
31742
15359
31745
15362
15365
31750
31753
15370
15373
31758
31761
15378
15381
31766
31769
15386
15389
31774
31777
15394
15397
31782
31784
15402
31787
15405
31790
15410
31795
15413
31798
15418
31803
15421
31805
31808
15426
31811
15429
31816
15434
31819
15437
31824
15442
31828
15445
15450
31835
15453
31837
31840
15458
31843
15460
15463
31848
15466
31851
15471
31856
15474
31859
15479
31864
15481
31867
15484
15487
31872
31875
15492
15495
31880
31883
15500
15504
31888
31891
15511
31896
15513
31899
15516
15519
31904
31907
15524
15527
31912
31915
15532
15535
31920
31923
15540
15543
31928
31931
15548
15551
31936
31938
15556
31941
15559
31944
15564
31949
15567
31952
15572
31957
15575
31959
31962
15580
31965
15583
31970
15588
31973
15591
31978
15596
31982
15599
15604
31989
15607
31991
31994
15612
31997
15614
15617
32002
15620
32005
15625
32010
15628
32013
15633
32018
15635
32021
15638
15641
32026
32029
15646
15649
32034
32037
15654
15658
32042
32045
15665
32050
15667
32053
15670
15673
32058
32061
15678
15681
32066
32069
15686
15689
32074
32077
15694
15697
32082
32085
15702
15705
32090
32092
15710
32095
15713
32098
15718
32103
15721
32106
15726
32111
15729
32113
32116
15734
32119
15737
32124
15742
32127
15745
32132
15750
32136
15753
15758
32143
15761
32145
32148
15766
32151
15768
15771
32156
15774
32159
15779
32164
15782
32167
15787
32172
15789
32175
15792
15795
32180
32183
15800
15803
32188
32191
15808
15812
32196
32199
15819
32204
15821
32207
15824
15827
32212
32215
15832
15835
32220
32223
15840
15843
32228
32231
15848
15851
32236
32239
15856
15859
32244
32246
15864
32249
15867
32252
15872
32257
15875
32260
15880
32265
15883
32267
32270
15888
32273
15891
32278
15896
32281
15899
32286
15904
32290
15907
15912
32297
15915
32299
32302
15920
32305
15922
15925
32310
15928
32313
15933
32318
15936
32321
15941
32326
15943
32329
15946
15949
32334
32337
15954
15957
32342
32345
15962
15966
32350
32353
15973
32358
15975
32361
15978
15981
32366
32369
15986
15989
32374
32377
15994
15997
32382
32385
16002
16005
32390
32393
16010
16013
32398
32400
16018
32403
16021
32406
16026
32411
16029
32414
16034
32419
16037
32421
32424
16042
32427
16045
32432
16050
32435
16053
32440
16058
32444
16061
16066
32451
16069
32453
32456
16074
32459
16076
16079
32464
16082
32467
16087
32472
16090
32475
16095
32480
16097
32483
16100
16103
32488
32491
16108
16111
32496
32499
16116
16120
32504
32507
16127
32512
16129
32515
16132
16135
32520
32523
16140
16143
32528
32531
16148
16151
32536
32539
16156
16159
32544
32547
16164
16167
32552
32554
16172
32557
16175
32560
16180
32565
16183
32568
16188
32573
16191
32575
32578
16196
32581
16199
32586
16204
32589
16207
32594
16212
32598
16215
16220
32605
16223
32607
32610
16228
32613
16230
16233
32618
16236
32621
16241
32626
16244
32629
16249
32634
16251
32637
16254
16257
32642
32645
16262
16265
32650
32653
16270
16274
32658
32661
16281
32666
16283
32669
16286
16289
32674
32677
16294
16297
32682
32685
16302
16305
32690
32693
16310
16313
32698
32701
16318
16321
32706
32708
16326
32711
16329
32714
16334
32719
16337
32722
16342
32727
16345
32729
32732
16350
32735
16353
32740
16358
32743
16361
32748
16366
32752
16369
16374
32759
16377
32761
32764
16382
32767
)


// ************************************************************************* //
