/*--------------------------------*- C++ -*----------------------------------*\
| =========                 |                                                 |
| \\      /  F ield         | OpenFOAM: The Open Source CFD Toolbox           |
|  \\    /   O peration     | Version:  2512                                  |
|   \\  /    A nd           | Website:  www.openfoam.com                      |
|    \\/     M anipulation  |                                                 |
\*---------------------------------------------------------------------------*/
FoamFile
{
    version     2.0;
    format      binary;
    arch        "LSB;label=32;scalar=64";
    class       cellSet;
    location    "constant/fluid/polyMesh/sets";
    object      region1;
}
// * * * * * * * * * * * * * * * * * * * * * * * * * * * * * * * * * * * * * //


16800
(
32768
32769
32770
2
32771
3
6
32775
7
32776
32777
10
11
32781
32782
14
32783
15
18
32787
19
32788
32789
22
23
32793
32794
26
32795
27
30
32799
31
32800
32801
34
35
38
39
42
32811
43
32812
32813
32814
46
32815
47
32816
32817
32818
50
32819
51
54
55
32826
58
32827
59
32828
32829
32830
62
32831
63
66
32835
67
32836
32837
70
71
32841
32842
74
32843
75
78
32847
79
32848
32849
82
83
32853
32854
86
32855
87
90
32859
91
32860
32861
94
95
98
99
102
32871
103
32872
32873
32874
106
32875
107
32876
32877
32878
110
32879
111
114
115
32886
118
32887
119
32888
32889
32890
122
32891
123
126
32895
127
32896
32897
130
131
32901
32902
134
32903
135
138
32907
139
32908
32909
142
143
32913
32914
146
32915
147
150
32919
151
32920
32921
154
155
158
159
162
32931
163
32932
32933
32934
166
32935
167
32936
32937
32938
170
32939
171
174
175
32946
178
32947
179
32948
32949
32950
182
32951
183
186
32955
187
32956
32957
190
191
32961
32962
194
32963
195
198
32967
199
32968
32969
202
203
32973
32974
206
32975
207
210
32979
211
32980
32981
214
215
218
219
222
32991
223
32992
32993
32994
226
32995
227
32996
32997
32998
230
32999
231
234
235
33006
238
33007
239
33008
33009
33010
242
33011
243
246
33015
247
33016
33017
250
251
33021
33022
254
33023
255
258
33027
259
33028
33029
262
263
33033
33034
266
33035
267
270
33039
271
33040
33041
274
275
278
279
282
33051
283
33052
33053
33054
286
33055
287
33056
33057
33058
290
33059
291
294
295
33066
298
33067
299
33068
33069
33070
302
33071
303
306
33075
307
33076
33077
310
311
33081
33082
314
33083
315
318
33087
319
33088
33089
322
323
33093
33094
326
33095
327
330
33099
331
33100
33101
334
335
338
339
342
33111
343
33112
33113
33114
346
33115
347
33116
33117
33118
350
33119
351
354
355
33126
358
33127
359
33128
33129
33130
362
33131
363
366
33135
367
33136
33137
370
371
33141
33142
374
33143
375
378
33147
379
33148
33149
382
383
33153
33154
386
33155
387
390
33159
391
33160
33161
394
395
398
399
402
33171
403
33172
33173
33174
406
33175
407
33176
33177
33178
410
33179
411
414
415
33186
418
33187
419
33188
33189
33190
422
33191
423
426
33195
427
33196
33197
430
431
33201
33202
434
33203
435
438
33207
439
33208
33209
442
443
33213
33214
446
33215
447
450
33219
451
33220
33221
454
455
458
459
462
33231
463
33232
33233
33234
466
33235
467
33236
33237
33238
470
33239
471
474
475
33246
478
33247
479
33248
33249
33250
482
33251
483
486
33255
487
33256
33257
490
491
33261
33262
494
33263
495
498
33267
499
33268
33269
502
503
33273
33274
506
33275
507
510
33279
511
33280
33281
514
515
518
519
522
33291
523
33292
33293
33294
526
33295
527
33296
33297
33298
530
33299
531
534
535
33306
538
33307
539
33308
33309
33310
542
33311
543
546
33315
547
33316
33317
550
551
33321
33322
554
33323
555
558
33327
559
33328
33329
562
563
33333
33334
566
33335
567
570
33339
571
33340
33341
574
575
578
579
582
33351
583
33352
33353
33354
586
33355
587
33356
33357
33358
590
33359
591
594
595
33366
598
33367
599
33368
33369
33370
602
33371
603
606
33375
607
33376
33377
610
611
33381
33382
614
33383
615
618
33387
619
33388
33389
622
623
33393
33394
626
33395
627
630
33399
631
33400
33401
634
635
638
639
642
33411
643
33412
33413
33414
646
33415
647
33416
33417
33418
650
33419
651
654
655
33426
658
33427
659
33428
33429
33430
662
33431
663
666
33435
667
33436
33437
670
671
33441
33442
674
33443
675
678
33447
679
33448
33449
682
683
33453
33454
686
33455
687
690
33459
691
33460
33461
694
695
698
699
702
33471
703
33472
33473
33474
706
33475
707
33476
33477
33478
710
33479
711
714
715
33486
718
33487
719
33488
33489
33490
722
33491
723
726
33495
727
33496
33497
730
731
33501
33502
734
33503
735
738
33507
739
33508
33509
742
743
33513
33514
746
33515
747
750
33519
751
33520
33521
754
755
758
759
762
33531
763
33532
33533
33534
766
33535
767
33536
33537
33538
770
33539
771
774
775
33546
778
33547
779
33548
33549
33550
782
33551
783
786
33555
787
33556
33557
790
791
33561
33562
794
33563
795
798
33567
799
33568
33569
802
803
33573
33574
806
33575
807
810
33579
811
33580
33581
814
815
818
819
822
33591
823
33592
33593
33594
826
33595
827
33596
33597
33598
830
33599
831
834
835
838
839
842
843
846
847
850
851
854
855
858
859
862
863
866
867
870
871
874
875
878
879
882
883
886
887
890
891
894
895
898
899
902
903
906
907
910
911
914
915
918
919
922
923
926
927
930
931
934
935
938
939
942
943
946
947
950
951
954
955
958
959
962
963
966
967
970
971
974
975
978
979
982
983
986
987
990
991
994
995
998
999
1002
1003
1006
1007
1010
1011
1014
1015
1018
1019
1022
1023
1026
1027
1030
1031
1034
1035
1038
1039
1042
1043
1046
1047
1050
1051
1054
1055
1058
1059
1062
1063
1066
1067
1070
1071
1074
1075
1078
1079
1082
1083
1086
1087
1090
1091
1094
1095
1098
1099
1102
1103
1106
1107
1110
1111
1114
1115
1118
1119
1122
1123
1126
1127
1130
1131
1134
1135
1138
1139
1142
1143
1146
1147
1150
1151
1154
1155
1158
1159
1162
1163
1166
1167
1170
1171
1174
1175
1178
1179
1182
1183
1186
1187
1190
1191
1194
1195
1198
1199
1202
1203
1206
1207
1210
1211
1214
1215
1218
1219
1222
1223
1226
1227
1230
1231
1234
1235
1238
1239
1242
1243
1246
1247
1250
1251
1254
1255
1258
1259
1262
1263
1266
1267
1270
1271
1274
1275
1278
1279
1282
1283
1286
1287
1290
1291
1294
1295
1298
1299
1302
1303
1306
1307
1310
1311
1314
1315
1318
1319
1322
1323
1326
1327
1330
1331
1334
1335
1338
1339
1342
1343
1346
1347
1350
1351
1354
1355
1358
1359
1362
1363
1366
1367
1370
1371
1374
1375
1378
1379
1382
1383
1386
1387
1390
1391
1394
1395
1398
1399
1402
1403
1406
1407
1410
1411
1414
1415
1418
1419
1422
1423
1426
1427
1430
1431
1434
1435
1438
1439
1442
1443
1446
1447
1450
1451
1454
1455
1458
1459
1462
1463
1466
1467
1470
1471
1474
1475
1478
1479
1482
1483
1486
1487
1490
1491
1494
1495
1498
1499
1502
1503
1506
1507
1510
1511
1514
1515
1518
1519
1522
1523
1526
1527
1530
1531
1534
1535
1538
1539
1542
1543
1546
1547
1550
1551
1554
1555
1558
1559
1562
1563
1566
1567
1570
1571
1574
1575
1578
1579
1582
1583
1586
1587
1590
1591
1594
1595
1598
1599
1602
1603
1606
1607
1610
1611
1614
1615
1618
1619
1622
1623
1626
1627
1630
1631
1634
1635
1638
1639
1642
1643
1646
1647
1650
1651
1654
1655
1658
1659
1662
1663
1666
1667
1670
1671
1674
1675
1678
1679
1682
1683
1686
1687
1690
1691
1694
1695
1698
1699
1702
1703
1706
1707
1710
1711
1714
1715
1718
1719
1722
1723
1726
1727
1730
1731
1734
1735
1738
1739
1742
1743
1746
1747
1750
1751
1754
1755
1758
1759
1762
1763
1766
1767
1770
1771
1774
1775
1778
1779
1782
1783
1786
1787
1790
1791
1794
1795
1798
1799
1802
1803
1806
1807
1810
1811
1814
1815
1818
1819
1822
1823
1826
1827
1830
1831
1834
1835
1838
1839
1842
1843
1846
1847
1850
1851
1854
1855
1858
1859
1862
1863
1866
1867
1870
1871
1874
1875
1878
1879
1882
1883
1886
1887
1890
1891
1894
1895
1898
1899
1902
1903
1906
1907
1910
1911
1914
1915
1918
1919
1922
1923
1926
1927
1930
1931
1934
1935
1938
1939
1942
1943
1946
1947
1950
1951
1954
1955
1958
1959
1962
1963
1966
1967
1970
1971
1974
1975
1978
1979
1982
1983
1986
1987
1990
1991
1994
1995
1998
1999
2002
2003
2006
2007
2010
2011
2014
2015
2018
2019
2022
2023
2026
2027
2030
2031
2034
2035
2038
2039
2042
2043
2046
2047
2050
2051
2054
2055
2058
2059
2062
2063
2066
2067
2070
2071
2074
2075
2078
2079
2082
2083
2086
2087
2090
2091
2094
2095
2098
2099
2102
2103
2106
2107
2110
2111
2114
2115
2118
2119
2122
2123
2126
2127
2130
2131
2134
2135
2138
2139
2142
2143
2146
2147
2150
2151
2154
2155
2158
2159
2162
2163
2166
2167
2170
2171
2174
2175
2178
2179
2182
2183
2186
2187
2190
2191
2194
2195
2198
2199
2202
2203
2206
2207
2210
2211
2214
2215
2218
2219
2222
2223
2226
2227
2230
2231
2234
2235
2238
2239
2242
2243
2246
2247
2250
2251
2254
2255
2258
2259
2262
2263
2266
2267
2270
2271
2274
2275
2278
2279
2282
2283
2286
2287
2290
2291
2294
2295
2298
2299
2302
2303
2306
2307
2310
2311
2314
2315
2318
2319
2322
2323
2326
2327
2330
2331
2334
2335
2338
2339
2342
2343
2346
2347
2350
2351
2354
2355
2358
2359
2362
2363
2366
2367
2370
2371
2374
2375
2378
2379
2382
2383
2386
2387
2390
2391
2394
2395
2398
2399
2402
2403
2406
2407
2410
2411
2414
2415
2418
2419
2422
2423
2426
2427
2430
2431
2434
2435
2438
2439
2442
2443
2446
2447
2450
2451
2454
2455
2458
2459
2462
2463
2466
2467
2470
2471
2474
2475
2478
2479
2482
2483
2486
2487
2490
2491
2494
2495
2498
2499
2502
2503
2506
2507
2510
2511
2514
2515
2518
2519
2522
2523
2526
2527
2530
2531
2534
2535
2538
2539
2542
2543
2546
2547
2550
2551
2554
2555
2558
2559
2562
2563
2566
2567
2570
2571
2574
2575
2578
2579
2582
2583
2586
2587
2590
2591
2594
2595
2598
2599
2602
2603
2606
2607
2610
2611
2614
2615
2618
2619
2622
2623
2626
2627
2630
2631
2634
2635
2638
2639
2642
2643
2646
2647
2650
2651
2654
2655
2658
2659
2662
2663
2666
2667
2670
2671
2674
2675
2678
2679
2682
2683
2686
2687
2690
2691
2694
2695
2698
2699
2702
2703
2706
2707
2710
2711
2714
2715
2718
2719
2722
2723
2726
2727
2730
2731
2734
2735
2738
2739
2742
2743
2746
2747
2750
2751
2754
2755
2758
2759
2762
2763
2766
2767
2770
2771
2774
2775
2778
2779
2782
2783
2786
2787
2790
2791
2794
2795
2798
2799
2802
2803
2806
2807
2810
2811
2814
2815
2818
2819
2822
2823
2826
2827
2830
2831
2834
2835
2838
2839
2842
2843
2846
2847
2850
2851
2854
2855
2858
2859
2862
2863
2866
2867
2870
2871
2874
2875
2878
2879
2882
2883
2886
2887
2890
2891
2894
2895
2898
2899
2902
2903
2906
2907
2910
2911
2914
2915
2918
2919
2922
2923
2926
2927
2930
2931
2934
2935
2938
2939
2942
2943
2946
2947
2950
2951
2954
2955
2958
2959
2962
2963
2966
2967
2970
2971
2974
2975
2978
2979
2982
2983
2986
2987
2990
2991
2994
2995
2998
2999
3002
3003
3006
3007
3010
3011
3014
3015
3018
3019
3022
3023
3026
3027
3030
3031
3034
3035
3038
3039
3042
3043
3046
3047
3050
3051
3054
3055
3058
3059
3062
3063
3066
3067
3070
3071
3074
3075
3078
3079
3082
3083
3086
3087
3090
3091
3094
3095
3098
3099
3102
3103
3106
3107
3110
3111
3114
3115
3118
3119
3122
3123
3126
3127
3130
3131
3134
3135
3138
3139
3142
3143
3146
3147
3150
3151
3154
3155
3158
3159
3162
3163
3166
3167
3170
3171
3174
3175
3178
3179
3182
3183
3186
3187
3190
3191
3194
3195
3198
3199
3202
3203
3206
3207
3210
3211
3214
3215
3218
3219
3222
3223
3226
3227
3230
3231
3234
3235
3238
3239
3242
3243
3246
3247
3250
3251
3254
3255
3258
3259
3262
3263
3266
3267
3270
3271
3274
3275
3278
3279
3282
3283
3286
3287
3290
3291
3294
3295
3298
3299
3302
3303
3306
3307
3310
3311
3314
3315
3318
3319
3322
3323
3326
3327
3330
3331
3334
3335
3338
3339
3342
3343
3346
3347
3350
3351
3354
3355
3358
3359
3362
3363
3366
3367
3370
3371
3374
3375
3378
3379
3382
3383
3386
3387
3390
3391
3394
3395
3398
3399
3402
3403
3406
3407
3410
3411
3414
3415
3418
3419
3422
3423
3426
3427
3430
3431
3434
3435
3438
3439
3442
3443
3446
3447
3450
3451
3454
3455
3458
3459
3462
3463
3466
3467
3470
3471
3474
3475
3478
3479
3482
3483
3486
3487
3490
3491
3494
3495
3498
3499
3502
3503
3506
3507
3510
3511
3514
3515
3518
3519
3522
3523
3526
3527
3530
3531
3534
3535
3538
3539
3542
3543
3546
3547
3550
3551
3554
3555
3558
3559
3562
3563
3566
3567
3570
3571
3574
3575
3578
3579
3582
3583
3586
3587
3590
3591
3594
3595
3598
3599
3602
3603
3606
3607
3610
3611
3614
3615
3618
3619
3622
3623
3626
3627
3630
3631
3634
3635
3638
3639
3642
3643
3646
3647
3650
3651
3654
3655
3658
3659
3662
3663
3666
3667
3670
3671
3674
3675
3678
3679
3682
3683
3686
3687
3690
3691
3694
3695
3698
3699
3702
3703
3706
3707
3710
3711
3714
3715
3718
3719
3722
3723
3726
3727
3730
3731
3734
3735
3738
3739
3742
3743
3746
3747
3750
3751
3754
3755
3758
3759
3762
3763
3766
3767
3770
3771
3774
3775
3778
3779
3782
3783
3786
3787
3790
3791
3794
3795
3798
3799
3802
3803
3806
3807
3810
3811
3814
3815
3818
3819
3822
3823
3826
3827
3830
3831
3834
3835
3838
3839
3842
3843
3846
3847
3850
3851
3854
3855
3858
3859
3862
3863
3866
3867
3870
3871
3874
3875
3878
3879
3882
3883
3886
3887
3890
3891
3894
3895
3898
3899
3902
3903
3906
3907
3910
3911
3914
3915
3918
3919
3922
3923
3926
3927
3930
3931
3934
3935
3938
3939
3942
3943
3946
3947
3950
3951
3954
3955
3958
3959
3962
3963
3966
3967
3970
3971
3974
3975
3978
3979
3982
3983
3986
3987
3990
3991
3994
3995
3998
3999
4002
4003
4006
4007
4010
4011
4014
4015
4018
4019
4022
4023
4026
4027
4030
4031
4034
4035
4038
4039
4042
4043
4046
4047
4050
4051
4054
4055
4058
4059
4062
4063
4066
4067
4070
4071
4074
4075
4078
4079
4082
4083
4086
4087
4090
4091
4094
4095
4098
4099
4102
4103
4106
4107
4110
4111
4114
4115
4118
4119
4122
4123
4126
4127
4130
4131
4134
4135
4138
4139
4142
4143
4146
4147
4150
4151
4154
4155
4158
4159
4162
4163
4166
4167
4170
4171
4174
4175
4178
4179
4182
4183
4186
4187
4190
4191
4194
4195
4198
4199
4202
4203
4206
4207
4210
4211
4214
4215
4218
4219
4222
4223
4226
4227
4230
4231
4234
4235
4238
4239
4242
4243
4246
4247
4250
4251
4254
4255
4258
4259
4262
4263
4266
4267
4270
4271
4274
4275
4278
4279
4282
4283
4286
4287
4290
4291
4294
4295
4298
4299
4302
4303
4306
4307
4310
4311
4314
4315
4318
4319
4322
4323
4326
4327
4330
4331
4334
4335
4338
4339
4342
4343
4346
4347
4350
4351
4354
4355
4358
4359
4362
4363
4366
4367
4370
4371
4374
4375
4378
4379
4382
4383
4386
4387
4390
4391
4394
4395
4398
4399
4402
4403
4406
4407
4410
4411
4414
4415
4418
4419
4422
4423
4426
4427
4430
4431
4434
4435
4438
4439
4442
4443
4446
4447
4450
4451
4454
4455
4458
4459
4462
4463
4466
4467
4470
4471
4474
4475
4478
4479
4482
4483
4486
4487
4490
4491
4494
4495
4498
4499
4502
4503
4506
4507
4510
4511
4514
4515
4518
4519
4522
4523
4526
4527
4530
4531
4534
4535
4538
4539
4542
4543
4546
4547
4550
4551
4554
4555
4558
4559
4562
4563
4566
4567
4570
4571
4574
4575
4578
4579
4582
4583
4586
4587
4590
4591
4594
4595
4598
4599
4602
4603
4606
4607
4610
4611
4614
4615
4618
4619
4622
4623
4626
4627
4630
4631
4634
4635
4638
4639
4642
4643
4646
4647
4650
4651
4654
4655
4658
4659
4662
4663
4666
4667
4670
4671
4674
4675
4678
4679
4682
4683
4686
4687
4690
4691
4694
4695
4698
4699
4702
4703
4706
4707
4710
4711
4714
4715
4718
4719
4722
4723
4726
4727
4730
4731
4734
4735
4738
4739
4742
4743
4746
4747
4750
4751
4754
4755
4758
4759
4762
4763
4766
4767
4770
4771
4774
4775
4778
4779
4782
4783
4786
4787
4790
4791
4794
4795
4798
4799
4806
4807
4808
4809
4810
4811
4815
4816
4817
4821
4822
4823
4827
4828
4829
4833
4834
4835
4839
4840
4841
4851
4852
4853
4854
4855
4856
4857
4858
4859
4866
4867
4868
4869
4870
4871
4875
4876
4877
4881
4882
4883
4887
4888
4889
4893
4894
4895
4899
4900
4901
4911
4912
4913
4914
4915
4916
4917
4918
4919
4926
4927
4928
4929
4930
4931
4935
4936
4937
4941
4942
4943
4947
4948
4949
4953
4954
4955
4959
4960
4961
4971
4972
4973
4974
4975
4976
4977
4978
4979
4986
4987
4988
4989
4990
4991
4995
4996
4997
5001
5002
5003
5007
5008
5009
5013
5014
5015
5019
5020
5021
5031
5032
5033
5034
5035
5036
5037
5038
5039
5046
5047
5048
5049
5050
5051
5055
5056
5057
5061
5062
5063
5067
5068
5069
5073
5074
5075
5079
5080
5081
5091
5092
5093
5094
5095
5096
5097
5098
5099
5106
5107
5108
5109
5110
5111
5115
5116
5117
5121
5122
5123
5127
5128
5129
5133
5134
5135
5139
5140
5141
5151
5152
5153
5154
5155
5156
5157
5158
5159
5166
5167
5168
5169
5170
5171
5175
5176
5177
5181
5182
5183
5187
5188
5189
5193
5194
5195
5199
5200
5201
5211
5212
5213
5214
5215
5216
5217
5218
5219
5226
5227
5228
5229
5230
5231
5235
5236
5237
5241
5242
5243
5247
5248
5249
5253
5254
5255
5259
5260
5261
5271
5272
5273
5274
5275
5276
5277
5278
5279
5286
5287
5288
5289
5290
5291
5295
5296
5297
5301
5302
5303
5307
5308
5309
5313
5314
5315
5319
5320
5321
5331
5332
5333
5334
5335
5336
5337
5338
5339
5346
5347
5348
5349
5350
5351
5355
5356
5357
5361
5362
5363
5367
5368
5369
5373
5374
5375
5379
5380
5381
5391
5392
5393
5394
5395
5396
5397
5398
5399
5406
5407
5408
5409
5410
5411
5415
5416
5417
5421
5422
5423
5427
5428
5429
5433
5434
5435
5439
5440
5441
5451
5452
5453
5454
5455
5456
5457
5458
5459
5466
5467
5468
5469
5470
5471
5475
5476
5477
5481
5482
5483
5487
5488
5489
5493
5494
5495
5499
5500
5501
5511
5512
5513
5514
5515
5516
5517
5518
5519
5526
5527
5528
5529
5530
5531
5535
5536
5537
5541
5542
5543
5547
5548
5549
5553
5554
5555
5559
5560
5561
5571
5572
5573
5574
5575
5576
5577
5578
5579
5586
5587
5588
5589
5590
5591
5595
5596
5597
5601
5602
5603
5607
5608
5609
5613
5614
5615
5619
5620
5621
5631
5632
5633
5634
5635
5636
5637
5638
5639
5646
5647
5648
5649
5650
5651
5655
5656
5657
5661
5662
5663
5667
5668
5669
5673
5674
5675
5679
5680
5681
5691
5692
5693
5694
5695
5696
5697
5698
5699
5706
5707
5708
5709
5710
5711
5715
5716
5717
5721
5722
5723
5727
5728
5729
5733
5734
5735
5739
5740
5741
5751
5752
5753
5754
5755
5756
5757
5758
5759
5766
5767
5768
5769
5770
5771
5775
5776
5777
5781
5782
5783
5787
5788
5789
5793
5794
5795
5799
5800
5801
5811
5812
5813
5814
5815
5816
5817
5818
5819
5826
5827
5828
5829
5830
5831
5835
5836
5837
5841
5842
5843
5847
5848
5849
5853
5854
5855
5859
5860
5861
5871
5872
5873
5874
5875
5876
5877
5878
5879
5886
5887
5888
5889
5890
5891
5895
5896
5897
5901
5902
5903
5907
5908
5909
5913
5914
5915
5919
5920
5921
5931
5932
5933
5934
5935
5936
5937
5938
5939
5946
5947
5948
5949
5950
5951
5955
5956
5957
5961
5962
5963
5967
5968
5969
5973
5974
5975
5979
5980
5981
5991
5992
5993
5994
5995
5996
5997
5998
5999
6006
6007
6008
6009
6010
6011
6015
6016
6017
6021
6022
6023
6027
6028
6029
6033
6034
6035
6039
6040
6041
6051
6052
6053
6054
6055
6056
6057
6058
6059
6066
6067
6068
6069
6070
6071
6075
6076
6077
6081
6082
6083
6087
6088
6089
6093
6094
6095
6099
6100
6101
6111
6112
6113
6114
6115
6116
6117
6118
6119
6126
6127
6128
6129
6130
6131
6135
6136
6137
6141
6142
6143
6147
6148
6149
6153
6154
6155
6159
6160
6161
6171
6172
6173
6174
6175
6176
6177
6178
6179
6186
6187
6188
6189
6190
6191
6195
6196
6197
6201
6202
6203
6207
6208
6209
6213
6214
6215
6219
6220
6221
6231
6232
6233
6234
6235
6236
6237
6238
6239
6246
6247
6248
6249
6250
6251
6255
6256
6257
6261
6262
6263
6267
6268
6269
6273
6274
6275
6279
6280
6281
6291
6292
6293
6294
6295
6296
6297
6298
6299
6306
6307
6308
6309
6310
6311
6315
6316
6317
6321
6322
6323
6327
6328
6329
6333
6334
6335
6339
6340
6341
6351
6352
6353
6354
6355
6356
6357
6358
6359
6366
6367
6368
6369
6370
6371
6375
6376
6377
6381
6382
6383
6387
6388
6389
6393
6394
6395
6399
6400
6401
6411
6412
6413
6414
6415
6416
6417
6418
6419
6426
6427
6428
6429
6430
6431
6435
6436
6437
6441
6442
6443
6447
6448
6449
6453
6454
6455
6459
6460
6461
6471
6472
6473
6474
6475
6476
6477
6478
6479
6486
6487
6488
6489
6490
6491
6495
6496
6497
6501
6502
6503
6507
6508
6509
6513
6514
6515
6519
6520
6521
6531
6532
6533
6534
6535
6536
6537
6538
6539
6546
6547
6548
6549
6550
6551
6555
6556
6557
6561
6562
6563
6567
6568
6569
6573
6574
6575
6579
6580
6581
6591
6592
6593
6594
6595
6596
6597
6598
6599
6606
6607
6608
6609
6610
6611
6615
6616
6617
6621
6622
6623
6627
6628
6629
6633
6634
6635
6639
6640
6641
6651
6652
6653
6654
6655
6656
6657
6658
6659
6666
6667
6668
6669
6670
6671
6675
6676
6677
6681
6682
6683
6687
6688
6689
6693
6694
6695
6699
6700
6701
6711
6712
6713
6714
6715
6716
6717
6718
6719
6726
6727
6728
6729
6730
6731
6735
6736
6737
6741
6742
6743
6747
6748
6749
6753
6754
6755
6759
6760
6761
6771
6772
6773
6774
6775
6776
6777
6778
6779
6786
6787
6788
6789
6790
6791
6795
6796
6797
6801
6802
6803
6807
6808
6809
6813
6814
6815
6819
6820
6821
6831
6832
6833
6834
6835
6836
6837
6838
6839
6846
6847
6848
6849
6850
6851
6855
6856
6857
6861
6862
6863
6867
6868
6869
6873
6874
6875
6879
6880
6881
6891
6892
6893
6894
6895
6896
6897
6898
6899
6906
6907
6908
6909
6910
6911
6915
6916
6917
6921
6922
6923
6927
6928
6929
6933
6934
6935
6939
6940
6941
6951
6952
6953
6954
6955
6956
6957
6958
6959
6966
6967
6968
6969
6970
6971
6975
6976
6977
6981
6982
6983
6987
6988
6989
6993
6994
6995
6999
7000
7001
7011
7012
7013
7014
7015
7016
7017
7018
7019
7026
7027
7028
7029
7030
7031
7035
7036
7037
7041
7042
7043
7047
7048
7049
7053
7054
7055
7059
7060
7061
7071
7072
7073
7074
7075
7076
7077
7078
7079
7086
7087
7088
7089
7090
7091
7095
7096
7097
7101
7102
7103
7107
7108
7109
7113
7114
7115
7119
7120
7121
7131
7132
7133
7134
7135
7136
7137
7138
7139
7146
7147
7148
7149
7150
7151
7155
7156
7157
7161
7162
7163
7167
7168
7169
7173
7174
7175
7179
7180
7181
7191
7192
7193
7194
7195
7196
7197
7198
7199
7206
7207
7208
7209
7210
7211
7215
7216
7217
7221
7222
7223
7227
7228
7229
7233
7234
7235
7239
7240
7241
7251
7252
7253
7254
7255
7256
7257
7258
7259
7266
7267
7268
7269
7270
7271
7275
7276
7277
7281
7282
7283
7287
7288
7289
7293
7294
7295
7299
7300
7301
7311
7312
7313
7314
7315
7316
7317
7318
7319
7326
7327
7328
7329
7330
7331
7335
7336
7337
7341
7342
7343
7347
7348
7349
7353
7354
7355
7359
7360
7361
7371
7372
7373
7374
7375
7376
7377
7378
7379
7386
7387
7388
7389
7390
7391
7395
7396
7397
7401
7402
7403
7407
7408
7409
7413
7414
7415
7419
7420
7421
7431
7432
7433
7434
7435
7436
7437
7438
7439
7446
7447
7448
7449
7450
7451
7455
7456
7457
7461
7462
7463
7467
7468
7469
7473
7474
7475
7479
7480
7481
7491
7492
7493
7494
7495
7496
7497
7498
7499
7506
7507
7508
7509
7510
7511
7515
7516
7517
7521
7522
7523
7527
7528
7529
7533
7534
7535
7539
7540
7541
7551
7552
7553
7554
7555
7556
7557
7558
7559
7566
7567
7568
7569
7570
7571
7575
7576
7577
7581
7582
7583
7587
7588
7589
7593
7594
7595
7599
7600
7601
7611
7612
7613
7614
7615
7616
7617
7618
7619
7626
7627
7628
7629
7630
7631
7635
7636
7637
7641
7642
7643
7647
7648
7649
7653
7654
7655
7659
7660
7661
7671
7672
7673
7674
7675
7676
7677
7678
7679
7686
7687
7688
7689
7690
7691
7695
7696
7697
7701
7702
7703
7707
7708
7709
7713
7714
7715
7719
7720
7721
7731
7732
7733
7734
7735
7736
7737
7738
7739
7746
7747
7748
7749
7750
7751
7755
7756
7757
7761
7762
7763
7767
7768
7769
7773
7774
7775
7779
7780
7781
7791
7792
7793
7794
7795
7796
7797
7798
7799
7806
7807
7808
7809
7810
7811
7815
7816
7817
7821
7822
7823
7827
7828
7829
7833
7834
7835
7839
7840
7841
7851
7852
7853
7854
7855
7856
7857
7858
7859
7866
7867
7868
7869
7870
7871
7875
7876
7877
7881
7882
7883
7887
7888
7889
7893
7894
7895
7899
7900
7901
7911
7912
7913
7914
7915
7916
7917
7918
7919
7926
7927
7928
7929
7930
7931
7935
7936
7937
7941
7942
7943
7947
7948
7949
7953
7954
7955
7959
7960
7961
7971
7972
7973
7974
7975
7976
7977
7978
7979
7986
7987
7988
7989
7990
7991
7995
7996
7997
8001
8002
8003
8007
8008
8009
8013
8014
8015
8019
8020
8021
8031
8032
8033
8034
8035
8036
8037
8038
8039
8046
8047
8048
8049
8050
8051
8055
8056
8057
8061
8062
8063
8067
8068
8069
8073
8074
8075
8079
8080
8081
8091
8092
8093
8094
8095
8096
8097
8098
8099
8106
8107
8108
8109
8110
8111
8115
8116
8117
8121
8122
8123
8127
8128
8129
8133
8134
8135
8139
8140
8141
8151
8152
8153
8154
8155
8156
8157
8158
8159
8166
8167
8168
8169
8170
8171
8175
8176
8177
8181
8182
8183
8187
8188
8189
8193
8194
8195
8199
8200
8201
8211
8212
8213
8214
8215
8216
8217
8218
8219
8226
8227
8228
8229
8230
8231
8235
8236
8237
8241
8242
8243
8247
8248
8249
8253
8254
8255
8259
8260
8261
8271
8272
8273
8274
8275
8276
8277
8278
8279
8286
8287
8288
8289
8290
8291
8295
8296
8297
8301
8302
8303
8307
8308
8309
8313
8314
8315
8319
8320
8321
8331
8332
8333
8334
8335
8336
8337
8338
8339
8346
8347
8348
8349
8350
8351
8355
8356
8357
8361
8362
8363
8367
8368
8369
8373
8374
8375
8379
8380
8381
8391
8392
8393
8394
8395
8396
8397
8398
8399
8406
8407
8408
8409
8410
8411
8415
8416
8417
8421
8422
8423
8427
8428
8429
8433
8434
8435
8439
8440
8441
8451
8452
8453
8454
8455
8456
8457
8458
8459
8466
8467
8468
8469
8470
8471
8475
8476
8477
8481
8482
8483
8487
8488
8489
8493
8494
8495
8499
8500
8501
8511
8512
8513
8514
8515
8516
8517
8518
8519
8526
8527
8528
8529
8530
8531
8535
8536
8537
8541
8542
8543
8547
8548
8549
8553
8554
8555
8559
8560
8561
8571
8572
8573
8574
8575
8576
8577
8578
8579
8586
8587
8588
8589
8590
8591
8595
8596
8597
8601
8602
8603
8607
8608
8609
8613
8614
8615
8619
8620
8621
8631
8632
8633
8634
8635
8636
8637
8638
8639
8646
8647
8648
8649
8650
8651
8655
8656
8657
8661
8662
8663
8667
8668
8669
8673
8674
8675
8679
8680
8681
8691
8692
8693
8694
8695
8696
8697
8698
8699
8706
8707
8708
8709
8710
8711
8715
8716
8717
8721
8722
8723
8727
8728
8729
8733
8734
8735
8739
8740
8741
8751
8752
8753
8754
8755
8756
8757
8758
8759
8766
8767
8768
8769
8770
8771
8775
8776
8777
8781
8782
8783
8787
8788
8789
8793
8794
8795
8799
8800
8801
8811
8812
8813
8814
8815
8816
8817
8818
8819
8826
8827
8828
8829
8830
8831
8835
8836
8837
8841
8842
8843
8847
8848
8849
8853
8854
8855
8859
8860
8861
8871
8872
8873
8874
8875
8876
8877
8878
8879
8886
8887
8888
8889
8890
8891
8895
8896
8897
8901
8902
8903
8907
8908
8909
8913
8914
8915
8919
8920
8921
8931
8932
8933
8934
8935
8936
8937
8938
8939
8946
8947
8948
8949
8950
8951
8955
8956
8957
8961
8962
8963
8967
8968
8969
8973
8974
8975
8979
8980
8981
8991
8992
8993
8994
8995
8996
8997
8998
8999
9006
9007
9008
9009
9010
9011
9015
9016
9017
9021
9022
9023
9027
9028
9029
9033
9034
9035
9039
9040
9041
9051
9052
9053
9054
9055
9056
9057
9058
9059
9066
9067
9068
9069
9070
9071
9075
9076
9077
9081
9082
9083
9087
9088
9089
9093
9094
9095
9099
9100
9101
9111
9112
9113
9114
9115
9116
9117
9118
9119
9126
9127
9128
9129
9130
9131
9135
9136
9137
9141
9142
9143
9147
9148
9149
9153
9154
9155
9159
9160
9161
9171
9172
9173
9174
9175
9176
9177
9178
9179
9186
9187
9188
9189
9190
9191
9195
9196
9197
9201
9202
9203
9207
9208
9209
9213
9214
9215
9219
9220
9221
9231
9232
9233
9234
9235
9236
9237
9238
9239
9246
9247
9248
9249
9250
9251
9255
9256
9257
9261
9262
9263
9267
9268
9269
9273
9274
9275
9279
9280
9281
9291
9292
9293
9294
9295
9296
9297
9298
9299
9306
9307
9308
9309
9310
9311
9315
9316
9317
9321
9322
9323
9327
9328
9329
9333
9334
9335
9339
9340
9341
9351
9352
9353
9354
9355
9356
9357
9358
9359
9366
9367
9368
9369
9370
9371
9375
9376
9377
9381
9382
9383
9387
9388
9389
9393
9394
9395
9399
9400
9401
9411
9412
9413
9414
9415
9416
9417
9418
9419
9426
9427
9428
9429
9430
9431
9435
9436
9437
9441
9442
9443
9447
9448
9449
9453
9454
9455
9459
9460
9461
9471
9472
9473
9474
9475
9476
9477
9478
9479
9486
9487
9488
9489
9490
9491
9495
9496
9497
9501
9502
9503
9507
9508
9509
9513
9514
9515
9519
9520
9521
9531
9532
9533
9534
9535
9536
9537
9538
9539
9546
9547
9548
9549
9550
9551
9555
9556
9557
9561
9562
9563
9567
9568
9569
9573
9574
9575
9579
9580
9581
9591
9592
9593
9594
9595
9596
9597
9598
9599
9606
9607
9608
9609
9610
9611
9615
9616
9617
9621
9622
9623
9627
9628
9629
9633
9634
9635
9639
9640
9641
9651
9652
9653
9654
9655
9656
9657
9658
9659
9666
9667
9668
9669
9670
9671
9675
9676
9677
9681
9682
9683
9687
9688
9689
9693
9694
9695
9699
9700
9701
9711
9712
9713
9714
9715
9716
9717
9718
9719
9726
9727
9728
9729
9730
9731
9735
9736
9737
9741
9742
9743
9747
9748
9749
9753
9754
9755
9759
9760
9761
9771
9772
9773
9774
9775
9776
9777
9778
9779
9786
9787
9788
9789
9790
9791
9795
9796
9797
9801
9802
9803
9807
9808
9809
9813
9814
9815
9819
9820
9821
9831
9832
9833
9834
9835
9836
9837
9838
9839
9846
9847
9848
9849
9850
9851
9855
9856
9857
9861
9862
9863
9867
9868
9869
9873
9874
9875
9879
9880
9881
9891
9892
9893
9894
9895
9896
9897
9898
9899
9906
9907
9908
9909
9910
9911
9915
9916
9917
9921
9922
9923
9927
9928
9929
9933
9934
9935
9939
9940
9941
9951
9952
9953
9954
9955
9956
9957
9958
9959
9966
9967
9968
9969
9970
9971
9975
9976
9977
9981
9982
9983
9987
9988
9989
9993
9994
9995
9999
10000
10001
10011
10012
10013
10014
10015
10016
10017
10018
10019
10026
10027
10028
10029
10030
10031
10035
10036
10037
10041
10042
10043
10047
10048
10049
10053
10054
10055
10059
10060
10061
10071
10072
10073
10074
10075
10076
10077
10078
10079
10086
10087
10088
10089
10090
10091
10095
10096
10097
10101
10102
10103
10107
10108
10109
10113
10114
10115
10119
10120
10121
10131
10132
10133
10134
10135
10136
10137
10138
10139
10146
10147
10148
10149
10150
10151
10155
10156
10157
10161
10162
10163
10167
10168
10169
10173
10174
10175
10179
10180
10181
10191
10192
10193
10194
10195
10196
10197
10198
10199
10206
10207
10208
10209
10210
10211
10215
10216
10217
10221
10222
10223
10227
10228
10229
10233
10234
10235
10239
10240
10241
10251
10252
10253
10254
10255
10256
10257
10258
10259
10266
10267
10268
10269
10270
10271
10275
10276
10277
10281
10282
10283
10287
10288
10289
10293
10294
10295
10299
10300
10301
10311
10312
10313
10314
10315
10316
10317
10318
10319
10326
10327
10328
10329
10330
10331
10335
10336
10337
10341
10342
10343
10347
10348
10349
10353
10354
10355
10359
10360
10361
10371
10372
10373
10374
10375
10376
10377
10378
10379
10386
10387
10388
10389
10390
10391
10395
10396
10397
10401
10402
10403
10407
10408
10409
10413
10414
10415
10419
10420
10421
10431
10432
10433
10434
10435
10436
10437
10438
10439
10446
10447
10448
10449
10450
10451
10455
10456
10457
10461
10462
10463
10467
10468
10469
10473
10474
10475
10479
10480
10481
10491
10492
10493
10494
10495
10496
10497
10498
10499
10506
10507
10508
10509
10510
10511
10515
10516
10517
10521
10522
10523
10527
10528
10529
10533
10534
10535
10539
10540
10541
10551
10552
10553
10554
10555
10556
10557
10558
10559
10566
10567
10568
10569
10570
10571
10575
10576
10577
10581
10582
10583
10587
10588
10589
10593
10594
10595
10599
10600
10601
10611
10612
10613
10614
10615
10616
10617
10618
10619
10626
10627
10628
10629
10630
10631
10635
10636
10637
10641
10642
10643
10647
10648
10649
10653
10654
10655
10659
10660
10661
10671
10672
10673
10674
10675
10676
10677
10678
10679
10686
10687
10688
10689
10690
10691
10695
10696
10697
10701
10702
10703
10707
10708
10709
10713
10714
10715
10719
10720
10721
10731
10732
10733
10734
10735
10736
10737
10738
10739
10746
10747
10748
10749
10750
10751
10755
10756
10757
10761
10762
10763
10767
10768
10769
10773
10774
10775
10779
10780
10781
10791
10792
10793
10794
10795
10796
10797
10798
10799
10806
10807
10808
10809
10810
10811
10815
10816
10817
10821
10822
10823
10827
10828
10829
10833
10834
10835
10839
10840
10841
10851
10852
10853
10854
10855
10856
10857
10858
10859
10866
10867
10868
10869
10870
10871
10875
10876
10877
10881
10882
10883
10887
10888
10889
10893
10894
10895
10899
10900
10901
10911
10912
10913
10914
10915
10916
10917
10918
10919
10926
10927
10928
10929
10930
10931
10935
10936
10937
10941
10942
10943
10947
10948
10949
10953
10954
10955
10959
10960
10961
10971
10972
10973
10974
10975
10976
10977
10978
10979
10986
10987
10988
10989
10990
10991
10995
10996
10997
11001
11002
11003
11007
11008
11009
11013
11014
11015
11019
11020
11021
11031
11032
11033
11034
11035
11036
11037
11038
11039
11046
11047
11048
11049
11050
11051
11055
11056
11057
11061
11062
11063
11067
11068
11069
11073
11074
11075
11079
11080
11081
11091
11092
11093
11094
11095
11096
11097
11098
11099
11106
11107
11108
11109
11110
11111
11115
11116
11117
11121
11122
11123
11127
11128
11129
11133
11134
11135
11139
11140
11141
11151
11152
11153
11154
11155
11156
11157
11158
11159
11166
11167
11168
11169
11170
11171
11175
11176
11177
11181
11182
11183
11187
11188
11189
11193
11194
11195
11199
11200
11201
11211
11212
11213
11214
11215
11216
11217
11218
11219
11226
11227
11228
11229
11230
11231
11235
11236
11237
11241
11242
11243
11247
11248
11249
11253
11254
11255
11259
11260
11261
11271
11272
11273
11274
11275
11276
11277
11278
11279
11286
11287
11288
11289
11290
11291
11295
11296
11297
11301
11302
11303
11307
11308
11309
11313
11314
11315
11319
11320
11321
11331
11332
11333
11334
11335
11336
11337
11338
11339
11346
11347
11348
11349
11350
11351
11355
11356
11357
11361
11362
11363
11367
11368
11369
11373
11374
11375
11379
11380
11381
11391
11392
11393
11394
11395
11396
11397
11398
11399
11406
11407
11408
11409
11410
11411
11415
11416
11417
11421
11422
11423
11427
11428
11429
11433
11434
11435
11439
11440
11441
11451
11452
11453
11454
11455
11456
11457
11458
11459
11466
11467
11468
11469
11470
11471
11475
11476
11477
11481
11482
11483
11487
11488
11489
11493
11494
11495
11499
11500
11501
11511
11512
11513
11514
11515
11516
11517
11518
11519
11526
11527
11528
11529
11530
11531
11535
11536
11537
11541
11542
11543
11547
11548
11549
11553
11554
11555
11559
11560
11561
11571
11572
11573
11574
11575
11576
11577
11578
11579
11586
11587
11588
11589
11590
11591
11595
11596
11597
11601
11602
11603
11607
11608
11609
11613
11614
11615
11619
11620
11621
11631
11632
11633
11634
11635
11636
11637
11638
11639
11646
11647
11648
11649
11650
11651
11655
11656
11657
11661
11662
11663
11667
11668
11669
11673
11674
11675
11679
11680
11681
11691
11692
11693
11694
11695
11696
11697
11698
11699
11706
11707
11708
11709
11710
11711
11715
11716
11717
11721
11722
11723
11727
11728
11729
11733
11734
11735
11739
11740
11741
11751
11752
11753
11754
11755
11756
11757
11758
11759
11766
11767
11768
11769
11770
11771
11775
11776
11777
11781
11782
11783
11787
11788
11789
11793
11794
11795
11799
11800
11801
11811
11812
11813
11814
11815
11816
11817
11818
11819
11826
11827
11828
11829
11830
11831
11835
11836
11837
11841
11842
11843
11847
11848
11849
11853
11854
11855
11859
11860
11861
11871
11872
11873
11874
11875
11876
11877
11878
11879
11886
11887
11888
11889
11890
11891
11895
11896
11897
11901
11902
11903
11907
11908
11909
11913
11914
11915
11919
11920
11921
11931
11932
11933
11934
11935
11936
11937
11938
11939
11946
11947
11948
11949
11950
11951
11955
11956
11957
11961
11962
11963
11967
11968
11969
11973
11974
11975
11979
11980
11981
11991
11992
11993
11994
11995
11996
11997
11998
11999
12006
12007
12008
12009
12010
12011
12015
12016
12017
12021
12022
12023
12027
12028
12029
12033
12034
12035
12039
12040
12041
12051
12052
12053
12054
12055
12056
12057
12058
12059
12066
12067
12068
12069
12070
12071
12075
12076
12077
12081
12082
12083
12087
12088
12089
12093
12094
12095
12099
12100
12101
12111
12112
12113
12114
12115
12116
12117
12118
12119
12126
12127
12128
12129
12130
12131
12135
12136
12137
12141
12142
12143
12147
12148
12149
12153
12154
12155
12159
12160
12161
12171
12172
12173
12174
12175
12176
12177
12178
12179
12186
12187
12188
12189
12190
12191
12195
12196
12197
12201
12202
12203
12207
12208
12209
12213
12214
12215
12219
12220
12221
12231
12232
12233
12234
12235
12236
12237
12238
12239
12246
12247
12248
12249
12250
12251
12255
12256
12257
12261
12262
12263
12267
12268
12269
12273
12274
12275
12279
12280
12281
12291
12292
12293
12294
12295
12296
12297
12298
12299
12306
12307
12308
12309
12310
12311
12315
12316
12317
12321
12322
12323
12327
12328
12329
12333
12334
12335
12339
12340
12341
12351
12352
12353
12354
12355
12356
12357
12358
12359
12366
12367
12368
12369
12370
12371
12375
12376
12377
12381
12382
12383
12387
12388
12389
12393
12394
12395
12399
12400
12401
12411
12412
12413
12414
12415
12416
12417
12418
12419
12426
12427
12428
12429
12430
12431
12435
12436
12437
12441
12442
12443
12447
12448
12449
12453
12454
12455
12459
12460
12461
12471
12472
12473
12474
12475
12476
12477
12478
12479
12486
12487
12488
12489
12490
12491
12495
12496
12497
12501
12502
12503
12507
12508
12509
12513
12514
12515
12519
12520
12521
12531
12532
12533
12534
12535
12536
12537
12538
12539
12546
12547
12548
12549
12550
12551
12555
12556
12557
12561
12562
12563
12567
12568
12569
12573
12574
12575
12579
12580
12581
12591
12592
12593
12594
12595
12596
12597
12598
12599
12606
12607
12608
12609
12610
12611
12615
12616
12617
12621
12622
12623
12627
12628
12629
12633
12634
12635
12639
12640
12641
12651
12652
12653
12654
12655
12656
12657
12658
12659
12666
12667
12668
12669
12670
12671
12675
12676
12677
12681
12682
12683
12687
12688
12689
12693
12694
12695
12699
12700
12701
12711
12712
12713
12714
12715
12716
12717
12718
12719
12726
12727
12728
12729
12730
12731
12735
12736
12737
12741
12742
12743
12747
12748
12749
12753
12754
12755
12759
12760
12761
12771
12772
12773
12774
12775
12776
12777
12778
12779
12786
12787
12788
12789
12790
12791
12795
12796
12797
12801
12802
12803
12807
12808
12809
12813
12814
12815
12819
12820
12821
12831
12832
12833
12834
12835
12836
12837
12838
12839
12846
12847
12848
12849
12850
12851
12855
12856
12857
12861
12862
12863
12867
12868
12869
12873
12874
12875
12879
12880
12881
12891
12892
12893
12894
12895
12896
12897
12898
12899
12906
12907
12908
12909
12910
12911
12915
12916
12917
12921
12922
12923
12927
12928
12929
12933
12934
12935
12939
12940
12941
12951
12952
12953
12954
12955
12956
12957
12958
12959
12966
12967
12968
12969
12970
12971
12975
12976
12977
12981
12982
12983
12987
12988
12989
12993
12994
12995
12999
13000
13001
13011
13012
13013
13014
13015
13016
13017
13018
13019
13026
13027
13028
13029
13030
13031
13035
13036
13037
13041
13042
13043
13047
13048
13049
13053
13054
13055
13059
13060
13061
13071
13072
13073
13074
13075
13076
13077
13078
13079
13086
13087
13088
13089
13090
13091
13095
13096
13097
13101
13102
13103
13107
13108
13109
13113
13114
13115
13119
13120
13121
13131
13132
13133
13134
13135
13136
13137
13138
13139
13146
13147
13148
13149
13150
13151
13155
13156
13157
13161
13162
13163
13167
13168
13169
13173
13174
13175
13179
13180
13181
13191
13192
13193
13194
13195
13196
13197
13198
13199
13206
13207
13208
13209
13210
13211
13215
13216
13217
13221
13222
13223
13227
13228
13229
13233
13234
13235
13239
13240
13241
13251
13252
13253
13254
13255
13256
13257
13258
13259
13266
13267
13268
13269
13270
13271
13275
13276
13277
13281
13282
13283
13287
13288
13289
13293
13294
13295
13299
13300
13301
13311
13312
13313
13314
13315
13316
13317
13318
13319
13326
13327
13328
13329
13330
13331
13335
13336
13337
13341
13342
13343
13347
13348
13349
13353
13354
13355
13359
13360
13361
13371
13372
13373
13374
13375
13376
13377
13378
13379
13386
13387
13388
13389
13390
13391
13395
13396
13397
13401
13402
13403
13407
13408
13409
13413
13414
13415
13419
13420
13421
13431
13432
13433
13434
13435
13436
13437
13438
13439
13446
13447
13448
13449
13450
13451
13455
13456
13457
13461
13462
13463
13467
13468
13469
13473
13474
13475
13479
13480
13481
13491
13492
13493
13494
13495
13496
13497
13498
13499
13506
13507
13508
13509
13510
13511
13515
13516
13517
13521
13522
13523
13527
13528
13529
13533
13534
13535
13539
13540
13541
13551
13552
13553
13554
13555
13556
13557
13558
13559
13566
13567
13568
13569
13570
13571
13575
13576
13577
13581
13582
13583
13587
13588
13589
13593
13594
13595
13599
13600
13601
13611
13612
13613
13614
13615
13616
13617
13618
13619
13626
13627
13628
13629
13630
13631
13635
13636
13637
13641
13642
13643
13647
13648
13649
13653
13654
13655
13659
13660
13661
13671
13672
13673
13674
13675
13676
13677
13678
13679
13686
13687
13688
13689
13690
13691
13695
13696
13697
13701
13702
13703
13707
13708
13709
13713
13714
13715
13719
13720
13721
13731
13732
13733
13734
13735
13736
13737
13738
13739
13746
13747
13748
13749
13750
13751
13755
13756
13757
13761
13762
13763
13767
13768
13769
13773
13774
13775
13779
13780
13781
13791
13792
13793
13794
13795
13796
13797
13798
13799
13806
13807
13808
13809
13810
13811
13815
13816
13817
13821
13822
13823
13827
13828
13829
13833
13834
13835
13839
13840
13841
13851
13852
13853
13854
13855
13856
13857
13858
13859
13866
13867
13868
13869
13870
13871
13875
13876
13877
13881
13882
13883
13887
13888
13889
13893
13894
13895
13899
13900
13901
13911
13912
13913
13914
13915
13916
13917
13918
13919
13926
13927
13928
13929
13930
13931
13935
13936
13937
13941
13942
13943
13947
13948
13949
13953
13954
13955
13959
13960
13961
13971
13972
13973
13974
13975
13976
13977
13978
13979
13986
13987
13988
13989
13990
13991
13995
13996
13997
14001
14002
14003
14007
14008
14009
14013
14014
14015
14019
14020
14021
14031
14032
14033
14034
14035
14036
14037
14038
14039
14046
14047
14048
14049
14050
14051
14055
14056
14057
14061
14062
14063
14067
14068
14069
14073
14074
14075
14079
14080
14081
14091
14092
14093
14094
14095
14096
14097
14098
14099
14106
14107
14108
14109
14110
14111
14115
14116
14117
14121
14122
14123
14127
14128
14129
14133
14134
14135
14139
14140
14141
14151
14152
14153
14154
14155
14156
14157
14158
14159
14166
14167
14168
14169
14170
14171
14175
14176
14177
14181
14182
14183
14187
14188
14189
14193
14194
14195
14199
14200
14201
14211
14212
14213
14214
14215
14216
14217
14218
14219
14226
14227
14228
14229
14230
14231
14235
14236
14237
14241
14242
14243
14247
14248
14249
14253
14254
14255
14259
14260
14261
14271
14272
14273
14274
14275
14276
14277
14278
14279
14286
14287
14288
14289
14290
14291
14295
14296
14297
14301
14302
14303
14307
14308
14309
14313
14314
14315
14319
14320
14321
14331
14332
14333
14334
14335
14336
14337
14338
14339
14346
14347
14348
14349
14350
14351
14355
14356
14357
14361
14362
14363
14367
14368
14369
14373
14374
14375
14379
14380
14381
14391
14392
14393
14394
14395
14396
14397
14398
14399
14406
14407
14408
14409
14410
14411
14415
14416
14417
14421
14422
14423
14427
14428
14429
14433
14434
14435
14439
14440
14441
14451
14452
14453
14454
14455
14456
14457
14458
14459
14466
14467
14468
14469
14470
14471
14475
14476
14477
14481
14482
14483
14487
14488
14489
14493
14494
14495
14499
14500
14501
14511
14512
14513
14514
14515
14516
14517
14518
14519
14526
14527
14528
14529
14530
14531
14535
14536
14537
14541
14542
14543
14547
14548
14549
14553
14554
14555
14559
14560
14561
14571
14572
14573
14574
14575
14576
14577
14578
14579
14586
14587
14588
14589
14590
14591
14595
14596
14597
14601
14602
14603
14607
14608
14609
14613
14614
14615
14619
14620
14621
14631
14632
14633
14634
14635
14636
14637
14638
14639
14646
14647
14648
14649
14650
14651
14655
14656
14657
14661
14662
14663
14667
14668
14669
14673
14674
14675
14679
14680
14681
14691
14692
14693
14694
14695
14696
14697
14698
14699
14706
14707
14708
14709
14710
14711
14715
14716
14717
14721
14722
14723
14727
14728
14729
14733
14734
14735
14739
14740
14741
14751
14752
14753
14754
14755
14756
14757
14758
14759
14766
14767
14768
14769
14770
14771
14775
14776
14777
14781
14782
14783
14787
14788
14789
14793
14794
14795
14799
14800
14801
14811
14812
14813
14814
14815
14816
14817
14818
14819
14826
14827
14828
14829
14830
14831
14835
14836
14837
14841
14842
14843
14847
14848
14849
14853
14854
14855
14859
14860
14861
14871
14872
14873
14874
14875
14876
14877
14878
14879
14886
14887
14888
14889
14890
14891
14895
14896
14897
14901
14902
14903
14907
14908
14909
14913
14914
14915
14919
14920
14921
14931
14932
14933
14934
14935
14936
14937
14938
14939
14946
14947
14948
14949
14950
14951
14955
14956
14957
14961
14962
14963
14967
14968
14969
14973
14974
14975
14979
14980
14981
14991
14992
14993
14994
14995
14996
14997
14998
14999
15006
15007
15008
15009
15010
15011
15015
15016
15017
15021
15022
15023
15027
15028
15029
15033
15034
15035
15039
15040
15041
15051
15052
15053
15054
15055
15056
15057
15058
15059
15066
15067
15068
15069
15070
15071
15075
15076
15077
15081
15082
15083
15087
15088
15089
15093
15094
15095
15099
15100
15101
15111
15112
15113
15114
15115
15116
15117
15118
15119
15126
15127
15128
15129
15130
15131
15135
15136
15137
15141
15142
15143
15147
15148
15149
15153
15154
15155
15159
15160
15161
15171
15172
15173
15174
15175
15176
15177
15178
15179
15186
15187
15188
15189
15190
15191
15195
15196
15197
15201
15202
15203
15207
15208
15209
15213
15214
15215
15219
15220
15221
15231
15232
15233
15234
15235
15236
15237
15238
15239
15246
15247
15248
15249
15250
15251
15255
15256
15257
15261
15262
15263
15267
15268
15269
15273
15274
15275
15279
15280
15281
15291
15292
15293
15294
15295
15296
15297
15298
15299
15306
15307
15308
15309
15310
15311
15315
15316
15317
15321
15322
15323
15327
15328
15329
15333
15334
15335
15339
15340
15341
15351
15352
15353
15354
15355
15356
15357
15358
15359
15366
15367
15368
15369
15370
15371
15375
15376
15377
15381
15382
15383
15387
15388
15389
15393
15394
15395
15399
15400
15401
15411
15412
15413
15414
15415
15416
15417
15418
15419
15426
15427
15428
15429
15430
15431
15435
15436
15437
15441
15442
15443
15447
15448
15449
15453
15454
15455
15459
15460
15461
15471
15472
15473
15474
15475
15476
15477
15478
15479
15486
15487
15488
15489
15490
15491
15495
15496
15497
15501
15502
15503
15507
15508
15509
15513
15514
15515
15519
15520
15521
15531
15532
15533
15534
15535
15536
15537
15538
15539
15546
15547
15548
15549
15550
15551
15555
15556
15557
15561
15562
15563
15567
15568
15569
15573
15574
15575
15579
15580
15581
15591
15592
15593
15594
15595
15596
15597
15598
15599
15606
15607
15608
15609
15610
15611
15615
15616
15617
15621
15622
15623
15627
15628
15629
15633
15634
15635
15639
15640
15641
15651
15652
15653
15654
15655
15656
15657
15658
15659
15666
15667
15668
15669
15670
15671
15675
15676
15677
15681
15682
15683
15687
15688
15689
15693
15694
15695
15699
15700
15701
15711
15712
15713
15714
15715
15716
15717
15718
15719
15726
15727
15728
15729
15730
15731
15735
15736
15737
15741
15742
15743
15747
15748
15749
15753
15754
15755
15759
15760
15761
15771
15772
15773
15774
15775
15776
15777
15778
15779
15786
15787
15788
15789
15790
15791
15795
15796
15797
15801
15802
15803
15807
15808
15809
15813
15814
15815
15819
15820
15821
15831
15832
15833
15834
15835
15836
15837
15838
15839
15846
15847
15848
15849
15850
15851
15855
15856
15857
15861
15862
15863
15867
15868
15869
15873
15874
15875
15879
15880
15881
15891
15892
15893
15894
15895
15896
15897
15898
15899
15906
15907
15908
15909
15910
15911
15915
15916
15917
15921
15922
15923
15927
15928
15929
15933
15934
15935
15939
15940
15941
15951
15952
15953
15954
15955
15956
15957
15958
15959
15966
15967
15968
15969
15970
15971
15975
15976
15977
15981
15982
15983
15987
15988
15989
15993
15994
15995
15999
16000
16001
16011
16012
16013
16014
16015
16016
16017
16018
16019
16026
16027
16028
16029
16030
16031
16035
16036
16037
16041
16042
16043
16047
16048
16049
16053
16054
16055
16059
16060
16061
16071
16072
16073
16074
16075
16076
16077
16078
16079
16086
16087
16088
16089
16090
16091
16095
16096
16097
16101
16102
16103
16107
16108
16109
16113
16114
16115
16119
16120
16121
16131
16132
16133
16134
16135
16136
16137
16138
16139
16146
16147
16148
16149
16150
16151
16155
16156
16157
16161
16162
16163
16167
16168
16169
16173
16174
16175
16179
16180
16181
16191
16192
16193
16194
16195
16196
16197
16198
16199
16206
16207
16208
16209
16210
16211
16215
16216
16217
16221
16222
16223
16227
16228
16229
16233
16234
16235
16239
16240
16241
16251
16252
16253
16254
16255
16256
16257
16258
16259
16266
16267
16268
16269
16270
16271
16275
16276
16277
16281
16282
16283
16287
16288
16289
16293
16294
16295
16299
16300
16301
16311
16312
16313
16314
16315
16316
16317
16318
16319
16326
16327
16328
16329
16330
16331
16335
16336
16337
16341
16342
16343
16347
16348
16349
16353
16354
16355
16359
16360
16361
16371
16372
16373
16374
16375
16376
16377
16378
16379
16386
16387
16388
16389
16390
16391
16395
16396
16397
16401
16402
16403
16407
16408
16409
16413
16414
16415
16419
16420
16421
16431
16432
16433
16434
16435
16436
16437
16438
16439
16446
16447
16448
16449
16450
16451
16455
16456
16457
16461
16462
16463
16467
16468
16469
16473
16474
16475
16479
16480
16481
16491
16492
16493
16494
16495
16496
16497
16498
16499
16506
16507
16508
16509
16510
16511
16515
16516
16517
16521
16522
16523
16527
16528
16529
16533
16534
16535
16539
16540
16541
16551
16552
16553
16554
16555
16556
16557
16558
16559
16566
16567
16568
16569
16570
16571
16575
16576
16577
16581
16582
16583
16587
16588
16589
16593
16594
16595
16599
16600
16601
16611
16612
16613
16614
16615
16616
16617
16618
16619
16626
16627
16628
16629
16630
16631
16635
16636
16637
16641
16642
16643
16647
16648
16649
16653
16654
16655
16659
16660
16661
16671
16672
16673
16674
16675
16676
16677
16678
16679
16686
16687
16688
16689
16690
16691
16695
16696
16697
16701
16702
16703
16707
16708
16709
16713
16714
16715
16719
16720
16721
16731
16732
16733
16734
16735
16736
16737
16738
16739
16746
16747
16748
16749
16750
16751
16755
16756
16757
16761
16762
16763
16767
16768
16769
16773
16774
16775
16779
16780
16781
16791
16792
16793
16794
16795
16796
16797
16798
16799
16802
16803
16806
16807
16810
16811
16814
16815
16818
16819
16822
16823
16826
16827
16830
16831
16834
16835
16838
16839
16842
16843
16846
16847
16850
16851
16854
16855
16858
16859
16862
16863
16866
16867
16870
16871
16874
16875
16878
16879
16882
16883
16886
16887
16890
16891
16894
16895
16898
16899
16902
16903
16906
16907
16910
16911
16914
16915
16918
16919
16922
16923
16926
16927
16930
16931
16934
16935
16938
16939
16942
16943
16946
16947
16950
16951
16954
16955
16958
16959
16962
16963
16966
16967
16970
16971
16974
16975
16978
16979
16982
16983
16986
16987
16990
16991
16994
16995
16998
16999
17002
17003
17006
17007
17010
17011
17014
17015
17018
17019
17022
17023
17026
17027
17030
17031
17034
17035
17038
17039
17042
17043
17046
17047
17050
17051
17054
17055
17058
17059
17062
17063
17066
17067
17070
17071
17074
17075
17078
17079
17082
17083
17086
17087
17090
17091
17094
17095
17098
17099
17102
17103
17106
17107
17110
17111
17114
17115
17118
17119
17122
17123
17126
17127
17130
17131
17134
17135
17138
17139
17142
17143
17146
17147
17150
17151
17154
17155
17158
17159
17162
17163
17166
17167
17170
17171
17174
17175
17178
17179
17182
17183
17186
17187
17190
17191
17194
17195
17198
17199
17202
17203
17206
17207
17210
17211
17214
17215
17218
17219
17222
17223
17226
17227
17230
17231
17234
17235
17238
17239
17242
17243
17246
17247
17250
17251
17254
17255
17258
17259
17262
17263
17266
17267
17270
17271
17274
17275
17278
17279
17282
17283
17286
17287
17290
17291
17294
17295
17298
17299
17302
17303
17306
17307
17310
17311
17314
17315
17318
17319
17322
17323
17326
17327
17330
17331
17334
17335
17338
17339
17342
17343
17346
17347
17350
17351
17354
17355
17358
17359
17362
17363
17366
17367
17370
17371
17374
17375
17378
17379
17382
17383
17386
17387
17390
17391
17394
17395
17398
17399
17402
17403
17406
17407
17410
17411
17414
17415
17418
17419
17422
17423
17426
17427
17430
17431
17434
17435
17438
17439
17442
17443
17446
17447
17450
17451
17454
17455
17458
17459
17462
17463
17466
17467
17470
17471
17474
17475
17478
17479
17482
17483
17486
17487
17490
17491
17494
17495
17498
17499
17502
17503
17506
17507
17510
17511
17514
17515
17518
17519
17522
17523
17526
17527
17530
17531
17534
17535
17538
17539
17542
17543
17546
17547
17550
17551
17554
17555
17558
17559
17562
17563
17566
17567
17570
17571
17574
17575
17578
17579
17582
17583
17586
17587
17590
17591
17594
17595
17598
17599
17602
17603
17606
17607
17610
17611
17614
17615
17618
17619
17622
17623
17626
17627
17630
17631
17634
17635
17638
17639
17642
17643
17646
17647
17650
17651
17654
17655
17658
17659
17662
17663
17666
17667
17670
17671
17674
17675
17678
17679
17682
17683
17686
17687
17690
17691
17694
17695
17698
17699
17702
17703
17706
17707
17710
17711
17714
17715
17718
17719
17722
17723
17726
17727
17730
17731
17734
17735
17738
17739
17742
17743
17746
17747
17750
17751
17754
17755
17758
17759
17762
17763
17766
17767
17770
17771
17774
17775
17778
17779
17782
17783
17786
17787
17790
17791
17794
17795
17798
17799
17802
17803
17806
17807
17810
17811
17814
17815
17818
17819
17822
17823
17826
17827
17830
17831
17834
17835
17838
17839
17842
17843
17846
17847
17850
17851
17854
17855
17858
17859
17862
17863
17866
17867
17870
17871
17874
17875
17878
17879
17882
17883
17886
17887
17890
17891
17894
17895
17898
17899
17902
17903
17906
17907
17910
17911
17914
17915
17918
17919
17922
17923
17926
17927
17930
17931
17934
17935
17938
17939
17942
17943
17946
17947
17950
17951
17954
17955
17958
17959
17962
17963
17966
17967
17970
17971
17974
17975
17978
17979
17982
17983
17986
17987
17990
17991
17994
17995
17998
17999
18002
18003
18006
18007
18010
18011
18014
18015
18018
18019
18022
18023
18026
18027
18030
18031
18034
18035
18038
18039
18042
18043
18046
18047
18050
18051
18054
18055
18058
18059
18062
18063
18066
18067
18070
18071
18074
18075
18078
18079
18082
18083
18086
18087
18090
18091
18094
18095
18098
18099
18102
18103
18106
18107
18110
18111
18114
18115
18118
18119
18122
18123
18126
18127
18130
18131
18134
18135
18138
18139
18142
18143
18146
18147
18150
18151
18154
18155
18158
18159
18162
18163
18166
18167
18170
18171
18174
18175
18178
18179
18182
18183
18186
18187
18190
18191
18194
18195
18198
18199
18202
18203
18206
18207
18210
18211
18214
18215
18218
18219
18222
18223
18226
18227
18230
18231
18234
18235
18238
18239
18242
18243
18246
18247
18250
18251
18254
18255
18258
18259
18262
18263
18266
18267
18270
18271
18274
18275
18278
18279
18282
18283
18286
18287
18290
18291
18294
18295
18298
18299
18302
18303
18306
18307
18310
18311
18314
18315
18318
18319
18322
18323
18326
18327
18330
18331
18334
18335
18338
18339
18342
18343
18346
18347
18350
18351
18354
18355
18358
18359
18362
18363
18366
18367
18370
18371
18374
18375
18378
18379
18382
18383
18386
18387
18390
18391
18394
18395
18398
18399
18402
18403
18406
18407
18410
18411
18414
18415
18418
18419
18422
18423
18426
18427
18430
18431
18434
18435
18438
18439
18442
18443
18446
18447
18450
18451
18454
18455
18458
18459
18462
18463
18466
18467
18470
18471
18474
18475
18478
18479
18482
18483
18486
18487
18490
18491
18494
18495
18498
18499
18502
18503
18506
18507
18510
18511
18514
18515
18518
18519
18522
18523
18526
18527
18530
18531
18534
18535
18538
18539
18542
18543
18546
18547
18550
18551
18554
18555
18558
18559
18562
18563
18566
18567
18570
18571
18574
18575
18578
18579
18582
18583
18586
18587
18590
18591
18594
18595
18598
18599
18602
18603
18606
18607
18610
18611
18614
18615
18618
18619
18622
18623
18626
18627
18630
18631
18634
18635
18638
18639
18642
18643
18646
18647
18650
18651
18654
18655
18658
18659
18662
18663
18666
18667
18670
18671
18674
18675
18678
18679
18682
18683
18686
18687
18690
18691
18694
18695
18698
18699
18702
18703
18706
18707
18710
18711
18714
18715
18718
18719
18722
18723
18726
18727
18730
18731
18734
18735
18738
18739
18742
18743
18746
18747
18750
18751
18754
18755
18758
18759
18762
18763
18766
18767
18770
18771
18774
18775
18778
18779
18782
18783
18786
18787
18790
18791
18794
18795
18798
18799
18802
18803
18806
18807
18810
18811
18814
18815
18818
18819
18822
18823
18826
18827
18830
18831
18834
18835
18838
18839
18842
18843
18846
18847
18850
18851
18854
18855
18858
18859
18862
18863
18866
18867
18870
18871
18874
18875
18878
18879
18882
18883
18886
18887
18890
18891
18894
18895
18898
18899
18902
18903
18906
18907
18910
18911
18914
18915
18918
18919
18922
18923
18926
18927
18930
18931
18934
18935
18938
18939
18942
18943
18946
18947
18950
18951
18954
18955
18958
18959
18962
18963
18966
18967
18970
18971
18974
18975
18978
18979
18982
18983
18986
18987
18990
18991
18994
18995
18998
18999
19002
19003
19006
19007
19010
19011
19014
19015
19018
19019
19022
19023
19026
19027
19030
19031
19034
19035
19038
19039
19042
19043
19046
19047
19050
19051
19054
19055
19058
19059
19062
19063
19066
19067
19070
19071
19074
19075
19078
19079
19082
19083
19086
19087
19090
19091
19094
19095
19098
19099
19102
19103
19106
19107
19110
19111
19114
19115
19118
19119
19122
19123
19126
19127
19130
19131
19134
19135
19138
19139
19142
19143
19146
19147
19150
19151
19154
19155
19158
19159
19162
19163
19166
19167
19170
19171
19174
19175
19178
19179
19182
19183
19186
19187
19190
19191
19194
19195
19198
19199
19202
19203
19206
19207
19210
19211
19214
19215
19218
19219
19222
19223
19226
19227
19230
19231
19234
19235
19238
19239
19242
19243
19246
19247
19250
19251
19254
19255
19258
19259
19262
19263
19266
19267
19270
19271
19274
19275
19278
19279
19282
19283
19286
19287
19290
19291
19294
19295
19298
19299
19302
19303
19306
19307
19310
19311
19314
19315
19318
19319
19322
19323
19326
19327
19330
19331
19334
19335
19338
19339
19342
19343
19346
19347
19350
19351
19354
19355
19358
19359
19362
19363
19366
19367
19370
19371
19374
19375
19378
19379
19382
19383
19386
19387
19390
19391
19394
19395
19398
19399
19402
19403
19406
19407
19410
19411
19414
19415
19418
19419
19422
19423
19426
19427
19430
19431
19434
19435
19438
19439
19442
19443
19446
19447
19450
19451
19454
19455
19458
19459
19462
19463
19466
19467
19470
19471
19474
19475
19478
19479
19482
19483
19486
19487
19490
19491
19494
19495
19498
19499
19502
19503
19506
19507
19510
19511
19514
19515
19518
19519
19522
19523
19526
19527
19530
19531
19534
19535
19538
19539
19542
19543
19546
19547
19550
19551
19554
19555
19558
19559
19562
19563
19566
19567
19570
19571
19574
19575
19578
19579
19582
19583
19586
19587
19590
19591
19594
19595
19598
19599
19602
19603
19606
19607
19610
19611
19614
19615
19618
19619
19622
19623
19626
19627
19630
19631
19634
19635
19638
19639
19642
19643
19646
19647
19650
19651
19654
19655
19658
19659
19662
19663
19666
19667
19670
19671
19674
19675
19678
19679
19682
19683
19686
19687
19690
19691
19694
19695
19698
19699
19702
19703
19706
19707
19710
19711
19714
19715
19718
19719
19722
19723
19726
19727
19730
19731
19734
19735
19738
19739
19742
19743
19746
19747
19750
19751
19754
19755
19758
19759
19762
19763
19766
19767
19770
19771
19774
19775
19778
19779
19782
19783
19786
19787
19790
19791
19794
19795
19798
19799
19802
19803
19806
19807
19810
19811
19814
19815
19818
19819
19822
19823
19826
19827
19830
19831
19834
19835
19838
19839
19842
19843
19846
19847
19850
19851
19854
19855
19858
19859
19862
19863
19866
19867
19870
19871
19874
19875
19878
19879
19882
19883
19886
19887
19890
19891
19894
19895
19898
19899
19902
19903
19906
19907
19910
19911
19914
19915
19918
19919
19922
19923
19926
19927
19930
19931
19934
19935
19938
19939
19942
19943
19946
19947
19950
19951
19954
19955
19958
19959
19962
19963
19966
19967
19970
19971
19974
19975
19978
19979
19982
19983
19986
19987
19990
19991
19994
19995
19998
19999
20002
20003
20006
20007
20010
20011
20014
20015
20018
20019
20022
20023
20026
20027
20030
20031
20034
20035
20038
20039
20042
20043
20046
20047
20050
20051
20054
20055
20058
20059
20062
20063
20066
20067
20070
20071
20074
20075
20078
20079
20082
20083
20086
20087
20090
20091
20094
20095
20098
20099
20102
20103
20106
20107
20110
20111
20114
20115
20118
20119
20122
20123
20126
20127
20130
20131
20134
20135
20138
20139
20142
20143
20146
20147
20150
20151
20154
20155
20158
20159
20162
20163
20166
20167
20170
20171
20174
20175
20178
20179
20182
20183
20186
20187
20190
20191
20194
20195
20198
20199
20202
20203
20206
20207
20210
20211
20214
20215
20218
20219
20222
20223
20226
20227
20230
20231
20234
20235
20238
20239
20242
20243
20246
20247
20250
20251
20254
20255
20258
20259
20262
20263
20266
20267
20270
20271
20274
20275
20278
20279
20282
20283
20286
20287
20290
20291
20294
20295
20298
20299
20302
20303
20306
20307
20310
20311
20314
20315
20318
20319
20322
20323
20326
20327
20330
20331
20334
20335
20338
20339
20342
20343
20346
20347
20350
20351
20354
20355
20358
20359
20362
20363
20366
20367
20370
20371
20374
20375
20378
20379
20382
20383
20386
20387
20390
20391
20394
20395
20398
20399
20402
20403
20406
20407
20410
20411
20414
20415
20418
20419
20422
20423
20426
20427
20430
20431
20434
20435
20438
20439
20442
20443
20446
20447
20450
20451
20454
20455
20458
20459
20462
20463
20466
20467
20470
20471
20474
20475
20478
20479
20482
20483
20486
20487
20490
20491
20494
20495
20498
20499
20502
20503
20506
20507
20510
20511
20514
20515
20518
20519
20522
20523
20526
20527
20530
20531
20534
20535
20538
20539
20542
20543
20546
20547
20550
20551
20554
20555
20558
20559
20562
20563
20566
20567
20570
20571
20574
20575
20578
20579
20582
20583
20586
20587
20590
20591
20594
20595
20598
20599
20602
20603
20606
20607
20610
20611
20614
20615
20618
20619
20622
20623
20626
20627
20630
20631
20634
20635
20638
20639
20642
20643
20646
20647
20650
20651
20654
20655
20658
20659
20662
20663
20666
20667
20670
20671
20674
20675
20678
20679
20682
20683
20686
20687
20690
20691
20694
20695
20698
20699
20702
20703
20706
20707
20710
20711
20714
20715
20718
20719
20722
20723
20726
20727
20730
20731
20734
20735
20738
20739
20742
20743
20746
20747
20750
20751
20754
20755
20758
20759
20762
20763
20766
20767
20770
20771
20774
20775
20778
20779
20782
20783
20786
20787
20790
20791
20794
20795
20798
20799
20802
20803
20806
20807
20810
20811
20814
20815
20818
20819
20822
20823
20826
20827
20830
20831
20834
20835
20838
20839
20842
20843
20846
20847
20850
20851
20854
20855
20858
20859
20862
20863
20866
20867
20870
20871
20874
20875
20878
20879
20882
20883
20886
20887
20890
20891
20894
20895
20898
20899
20902
20903
20906
20907
20910
20911
20914
20915
20918
20919
20922
20923
20926
20927
20930
20931
20934
20935
20938
20939
20942
20943
20946
20947
20950
20951
20954
20955
20958
20959
20962
20963
20966
20967
20970
20971
20974
20975
20978
20979
20982
20983
20986
20987
20990
20991
20994
20995
20998
20999
21002
21003
21006
21007
21010
21011
21014
21015
21018
21019
21022
21023
21026
21027
21030
21031
21034
21035
21038
21039
21042
21043
21046
21047
21050
21051
21054
21055
21058
21059
21062
21063
21066
21067
21070
21071
21074
21075
21078
21079
21082
21083
21086
21087
21090
21091
21094
21095
21098
21099
21102
21103
21106
21107
21110
21111
21114
21115
21118
21119
21122
21123
21126
21127
21130
21131
21134
21135
21138
21139
21142
21143
21146
21147
21150
21151
21154
21155
21158
21159
21162
21163
21166
21167
21170
21171
21174
21175
21178
21179
21182
21183
21186
21187
21190
21191
21194
21195
21198
21199
21202
21203
21206
21207
21210
21211
21214
21215
21218
21219
21222
21223
21226
21227
21230
21231
21234
21235
21238
21239
21242
21243
21246
21247
21250
21251
21254
21255
21258
21259
21262
21263
21266
21267
21270
21271
21274
21275
21278
21279
21282
21283
21286
21287
21290
21291
21294
21295
21298
21299
21302
21303
21306
21307
21310
21311
21314
21315
21318
21319
21322
21323
21326
21327
21330
21331
21334
21335
21338
21339
21342
21343
21346
21347
21350
21351
21354
21355
21358
21359
21362
21363
21366
21367
21370
21371
21374
21375
21378
21379
21382
21383
21386
21387
21390
21391
21394
21395
21398
21399
21402
21403
21406
21407
21410
21411
21414
21415
21418
21419
21422
21423
21426
21427
21430
21431
21434
21435
21438
21439
21442
21443
21446
21447
21450
21451
21454
21455
21458
21459
21462
21463
21466
21467
21470
21471
21474
21475
21478
21479
21482
21483
21486
21487
21490
21491
21494
21495
21498
21499
21502
21503
21506
21507
21510
21511
21514
21515
21518
21519
21522
21523
21526
21527
21530
21531
21534
21535
21538
21539
21542
21543
21546
21547
21550
21551
21554
21555
21558
21559
21562
21563
21566
21567
21570
21571
21574
21575
21578
21579
21582
21583
21586
21587
21590
21591
21594
21595
21598
21599
21606
21607
21608
21609
21610
21611
21615
21616
21617
21621
21622
21623
21627
21628
21629
21633
21634
21635
21639
21640
21641
21651
21652
21653
21654
21655
21656
21657
21658
21659
21666
21667
21668
21669
21670
21671
21675
21676
21677
21681
21682
21683
21687
21688
21689
21693
21694
21695
21699
21700
21701
21711
21712
21713
21714
21715
21716
21717
21718
21719
21726
21727
21728
21729
21730
21731
21735
21736
21737
21741
21742
21743
21747
21748
21749
21753
21754
21755
21759
21760
21761
21771
21772
21773
21774
21775
21776
21777
21778
21779
21786
21787
21788
21789
21790
21791
21795
21796
21797
21801
21802
21803
21807
21808
21809
21813
21814
21815
21819
21820
21821
21831
21832
21833
21834
21835
21836
21837
21838
21839
21846
21847
21848
21849
21850
21851
21855
21856
21857
21861
21862
21863
21867
21868
21869
21873
21874
21875
21879
21880
21881
21891
21892
21893
21894
21895
21896
21897
21898
21899
21906
21907
21908
21909
21910
21911
21915
21916
21917
21921
21922
21923
21927
21928
21929
21933
21934
21935
21939
21940
21941
21951
21952
21953
21954
21955
21956
21957
21958
21959
21966
21967
21968
21969
21970
21971
21975
21976
21977
21981
21982
21983
21987
21988
21989
21993
21994
21995
21999
22000
22001
22011
22012
22013
22014
22015
22016
22017
22018
22019
22026
22027
22028
22029
22030
22031
22035
22036
22037
22041
22042
22043
22047
22048
22049
22053
22054
22055
22059
22060
22061
22071
22072
22073
22074
22075
22076
22077
22078
22079
22086
22087
22088
22089
22090
22091
22095
22096
22097
22101
22102
22103
22107
22108
22109
22113
22114
22115
22119
22120
22121
22131
22132
22133
22134
22135
22136
22137
22138
22139
22146
22147
22148
22149
22150
22151
22155
22156
22157
22161
22162
22163
22167
22168
22169
22173
22174
22175
22179
22180
22181
22191
22192
22193
22194
22195
22196
22197
22198
22199
22206
22207
22208
22209
22210
22211
22215
22216
22217
22221
22222
22223
22227
22228
22229
22233
22234
22235
22239
22240
22241
22251
22252
22253
22254
22255
22256
22257
22258
22259
22266
22267
22268
22269
22270
22271
22275
22276
22277
22281
22282
22283
22287
22288
22289
22293
22294
22295
22299
22300
22301
22311
22312
22313
22314
22315
22316
22317
22318
22319
22326
22327
22328
22329
22330
22331
22335
22336
22337
22341
22342
22343
22347
22348
22349
22353
22354
22355
22359
22360
22361
22371
22372
22373
22374
22375
22376
22377
22378
22379
22386
22387
22388
22389
22390
22391
22395
22396
22397
22401
22402
22403
22407
22408
22409
22413
22414
22415
22419
22420
22421
22431
22432
22433
22434
22435
22436
22437
22438
22439
22446
22447
22448
22449
22450
22451
22455
22456
22457
22461
22462
22463
22467
22468
22469
22473
22474
22475
22479
22480
22481
22491
22492
22493
22494
22495
22496
22497
22498
22499
22506
22507
22508
22509
22510
22511
22515
22516
22517
22521
22522
22523
22527
22528
22529
22533
22534
22535
22539
22540
22541
22551
22552
22553
22554
22555
22556
22557
22558
22559
22566
22567
22568
22569
22570
22571
22575
22576
22577
22581
22582
22583
22587
22588
22589
22593
22594
22595
22599
22600
22601
22611
22612
22613
22614
22615
22616
22617
22618
22619
22626
22627
22628
22629
22630
22631
22635
22636
22637
22641
22642
22643
22647
22648
22649
22653
22654
22655
22659
22660
22661
22671
22672
22673
22674
22675
22676
22677
22678
22679
22686
22687
22688
22689
22690
22691
22695
22696
22697
22701
22702
22703
22707
22708
22709
22713
22714
22715
22719
22720
22721
22731
22732
22733
22734
22735
22736
22737
22738
22739
22746
22747
22748
22749
22750
22751
22755
22756
22757
22761
22762
22763
22767
22768
22769
22773
22774
22775
22779
22780
22781
22791
22792
22793
22794
22795
22796
22797
22798
22799
22806
22807
22808
22809
22810
22811
22815
22816
22817
22821
22822
22823
22827
22828
22829
22833
22834
22835
22839
22840
22841
22851
22852
22853
22854
22855
22856
22857
22858
22859
22866
22867
22868
22869
22870
22871
22875
22876
22877
22881
22882
22883
22887
22888
22889
22893
22894
22895
22899
22900
22901
22911
22912
22913
22914
22915
22916
22917
22918
22919
22926
22927
22928
22929
22930
22931
22935
22936
22937
22941
22942
22943
22947
22948
22949
22953
22954
22955
22959
22960
22961
22971
22972
22973
22974
22975
22976
22977
22978
22979
22986
22987
22988
22989
22990
22991
22995
22996
22997
23001
23002
23003
23007
23008
23009
23013
23014
23015
23019
23020
23021
23031
23032
23033
23034
23035
23036
23037
23038
23039
23046
23047
23048
23049
23050
23051
23055
23056
23057
23061
23062
23063
23067
23068
23069
23073
23074
23075
23079
23080
23081
23091
23092
23093
23094
23095
23096
23097
23098
23099
23106
23107
23108
23109
23110
23111
23115
23116
23117
23121
23122
23123
23127
23128
23129
23133
23134
23135
23139
23140
23141
23151
23152
23153
23154
23155
23156
23157
23158
23159
23166
23167
23168
23169
23170
23171
23175
23176
23177
23181
23182
23183
23187
23188
23189
23193
23194
23195
23199
23200
23201
23211
23212
23213
23214
23215
23216
23217
23218
23219
23226
23227
23228
23229
23230
23231
23235
23236
23237
23241
23242
23243
23247
23248
23249
23253
23254
23255
23259
23260
23261
23271
23272
23273
23274
23275
23276
23277
23278
23279
23286
23287
23288
23289
23290
23291
23295
23296
23297
23301
23302
23303
23307
23308
23309
23313
23314
23315
23319
23320
23321
23331
23332
23333
23334
23335
23336
23337
23338
23339
23346
23347
23348
23349
23350
23351
23355
23356
23357
23361
23362
23363
23367
23368
23369
23373
23374
23375
23379
23380
23381
23391
23392
23393
23394
23395
23396
23397
23398
23399
23406
23407
23408
23409
23410
23411
23415
23416
23417
23421
23422
23423
23427
23428
23429
23433
23434
23435
23439
23440
23441
23451
23452
23453
23454
23455
23456
23457
23458
23459
23466
23467
23468
23469
23470
23471
23475
23476
23477
23481
23482
23483
23487
23488
23489
23493
23494
23495
23499
23500
23501
23511
23512
23513
23514
23515
23516
23517
23518
23519
23526
23527
23528
23529
23530
23531
23535
23536
23537
23541
23542
23543
23547
23548
23549
23553
23554
23555
23559
23560
23561
23571
23572
23573
23574
23575
23576
23577
23578
23579
23586
23587
23588
23589
23590
23591
23595
23596
23597
23601
23602
23603
23607
23608
23609
23613
23614
23615
23619
23620
23621
23631
23632
23633
23634
23635
23636
23637
23638
23639
23646
23647
23648
23649
23650
23651
23655
23656
23657
23661
23662
23663
23667
23668
23669
23673
23674
23675
23679
23680
23681
23691
23692
23693
23694
23695
23696
23697
23698
23699
23706
23707
23708
23709
23710
23711
23715
23716
23717
23721
23722
23723
23727
23728
23729
23733
23734
23735
23739
23740
23741
23751
23752
23753
23754
23755
23756
23757
23758
23759
23766
23767
23768
23769
23770
23771
23775
23776
23777
23781
23782
23783
23787
23788
23789
23793
23794
23795
23799
23800
23801
23811
23812
23813
23814
23815
23816
23817
23818
23819
23826
23827
23828
23829
23830
23831
23835
23836
23837
23841
23842
23843
23847
23848
23849
23853
23854
23855
23859
23860
23861
23871
23872
23873
23874
23875
23876
23877
23878
23879
23886
23887
23888
23889
23890
23891
23895
23896
23897
23901
23902
23903
23907
23908
23909
23913
23914
23915
23919
23920
23921
23931
23932
23933
23934
23935
23936
23937
23938
23939
23946
23947
23948
23949
23950
23951
23955
23956
23957
23961
23962
23963
23967
23968
23969
23973
23974
23975
23979
23980
23981
23991
23992
23993
23994
23995
23996
23997
23998
23999
24006
24007
24008
24009
24010
24011
24015
24016
24017
24021
24022
24023
24027
24028
24029
24033
24034
24035
24039
24040
24041
24051
24052
24053
24054
24055
24056
24057
24058
24059
24066
24067
24068
24069
24070
24071
24075
24076
24077
24081
24082
24083
24087
24088
24089
24093
24094
24095
24099
24100
24101
24111
24112
24113
24114
24115
24116
24117
24118
24119
24126
24127
24128
24129
24130
24131
24135
24136
24137
24141
24142
24143
24147
24148
24149
24153
24154
24155
24159
24160
24161
24171
24172
24173
24174
24175
24176
24177
24178
24179
24186
24187
24188
24189
24190
24191
24195
24196
24197
24201
24202
24203
24207
24208
24209
24213
24214
24215
24219
24220
24221
24231
24232
24233
24234
24235
24236
24237
24238
24239
24246
24247
24248
24249
24250
24251
24255
24256
24257
24261
24262
24263
24267
24268
24269
24273
24274
24275
24279
24280
24281
24291
24292
24293
24294
24295
24296
24297
24298
24299
24306
24307
24308
24309
24310
24311
24315
24316
24317
24321
24322
24323
24327
24328
24329
24333
24334
24335
24339
24340
24341
24351
24352
24353
24354
24355
24356
24357
24358
24359
24366
24367
24368
24369
24370
24371
24375
24376
24377
24381
24382
24383
24387
24388
24389
24393
24394
24395
24399
24400
24401
24411
24412
24413
24414
24415
24416
24417
24418
24419
24426
24427
24428
24429
24430
24431
24435
24436
24437
24441
24442
24443
24447
24448
24449
24453
24454
24455
24459
24460
24461
24471
24472
24473
24474
24475
24476
24477
24478
24479
24486
24487
24488
24489
24490
24491
24495
24496
24497
24501
24502
24503
24507
24508
24509
24513
24514
24515
24519
24520
24521
24531
24532
24533
24534
24535
24536
24537
24538
24539
24546
24547
24548
24549
24550
24551
24555
24556
24557
24561
24562
24563
24567
24568
24569
24573
24574
24575
24579
24580
24581
24591
24592
24593
24594
24595
24596
24597
24598
24599
24606
24607
24608
24609
24610
24611
24615
24616
24617
24621
24622
24623
24627
24628
24629
24633
24634
24635
24639
24640
24641
24651
24652
24653
24654
24655
24656
24657
24658
24659
24666
24667
24668
24669
24670
24671
24675
24676
24677
24681
24682
24683
24687
24688
24689
24693
24694
24695
24699
24700
24701
24711
24712
24713
24714
24715
24716
24717
24718
24719
24726
24727
24728
24729
24730
24731
24735
24736
24737
24741
24742
24743
24747
24748
24749
24753
24754
24755
24759
24760
24761
24771
24772
24773
24774
24775
24776
24777
24778
24779
24786
24787
24788
24789
24790
24791
24795
24796
24797
24801
24802
24803
24807
24808
24809
24813
24814
24815
24819
24820
24821
24831
24832
24833
24834
24835
24836
24837
24838
24839
24846
24847
24848
24849
24850
24851
24855
24856
24857
24861
24862
24863
24867
24868
24869
24873
24874
24875
24879
24880
24881
24891
24892
24893
24894
24895
24896
24897
24898
24899
24906
24907
24908
24909
24910
24911
24915
24916
24917
24921
24922
24923
24927
24928
24929
24933
24934
24935
24939
24940
24941
24951
24952
24953
24954
24955
24956
24957
24958
24959
24966
24967
24968
24969
24970
24971
24975
24976
24977
24981
24982
24983
24987
24988
24989
24993
24994
24995
24999
25000
25001
25011
25012
25013
25014
25015
25016
25017
25018
25019
25026
25027
25028
25029
25030
25031
25035
25036
25037
25041
25042
25043
25047
25048
25049
25053
25054
25055
25059
25060
25061
25071
25072
25073
25074
25075
25076
25077
25078
25079
25086
25087
25088
25089
25090
25091
25095
25096
25097
25101
25102
25103
25107
25108
25109
25113
25114
25115
25119
25120
25121
25131
25132
25133
25134
25135
25136
25137
25138
25139
25146
25147
25148
25149
25150
25151
25155
25156
25157
25161
25162
25163
25167
25168
25169
25173
25174
25175
25179
25180
25181
25191
25192
25193
25194
25195
25196
25197
25198
25199
25206
25207
25208
25209
25210
25211
25215
25216
25217
25221
25222
25223
25227
25228
25229
25233
25234
25235
25239
25240
25241
25251
25252
25253
25254
25255
25256
25257
25258
25259
25266
25267
25268
25269
25270
25271
25275
25276
25277
25281
25282
25283
25287
25288
25289
25293
25294
25295
25299
25300
25301
25311
25312
25313
25314
25315
25316
25317
25318
25319
25326
25327
25328
25329
25330
25331
25335
25336
25337
25341
25342
25343
25347
25348
25349
25353
25354
25355
25359
25360
25361
25371
25372
25373
25374
25375
25376
25377
25378
25379
25386
25387
25388
25389
25390
25391
25395
25396
25397
25401
25402
25403
25407
25408
25409
25413
25414
25415
25419
25420
25421
25431
25432
25433
25434
25435
25436
25437
25438
25439
25446
25447
25448
25449
25450
25451
25455
25456
25457
25461
25462
25463
25467
25468
25469
25473
25474
25475
25479
25480
25481
25491
25492
25493
25494
25495
25496
25497
25498
25499
25506
25507
25508
25509
25510
25511
25515
25516
25517
25521
25522
25523
25527
25528
25529
25533
25534
25535
25539
25540
25541
25551
25552
25553
25554
25555
25556
25557
25558
25559
25566
25567
25568
25569
25570
25571
25575
25576
25577
25581
25582
25583
25587
25588
25589
25593
25594
25595
25599
25600
25601
25611
25612
25613
25614
25615
25616
25617
25618
25619
25626
25627
25628
25629
25630
25631
25635
25636
25637
25641
25642
25643
25647
25648
25649
25653
25654
25655
25659
25660
25661
25671
25672
25673
25674
25675
25676
25677
25678
25679
25686
25687
25688
25689
25690
25691
25695
25696
25697
25701
25702
25703
25707
25708
25709
25713
25714
25715
25719
25720
25721
25731
25732
25733
25734
25735
25736
25737
25738
25739
25746
25747
25748
25749
25750
25751
25755
25756
25757
25761
25762
25763
25767
25768
25769
25773
25774
25775
25779
25780
25781
25791
25792
25793
25794
25795
25796
25797
25798
25799
25806
25807
25808
25809
25810
25811
25815
25816
25817
25821
25822
25823
25827
25828
25829
25833
25834
25835
25839
25840
25841
25851
25852
25853
25854
25855
25856
25857
25858
25859
25866
25867
25868
25869
25870
25871
25875
25876
25877
25881
25882
25883
25887
25888
25889
25893
25894
25895
25899
25900
25901
25911
25912
25913
25914
25915
25916
25917
25918
25919
25926
25927
25928
25929
25930
25931
25935
25936
25937
25941
25942
25943
25947
25948
25949
25953
25954
25955
25959
25960
25961
25971
25972
25973
25974
25975
25976
25977
25978
25979
25986
25987
25988
25989
25990
25991
25995
25996
25997
26001
26002
26003
26007
26008
26009
26013
26014
26015
26019
26020
26021
26031
26032
26033
26034
26035
26036
26037
26038
26039
26046
26047
26048
26049
26050
26051
26055
26056
26057
26061
26062
26063
26067
26068
26069
26073
26074
26075
26079
26080
26081
26091
26092
26093
26094
26095
26096
26097
26098
26099
26106
26107
26108
26109
26110
26111
26115
26116
26117
26121
26122
26123
26127
26128
26129
26133
26134
26135
26139
26140
26141
26151
26152
26153
26154
26155
26156
26157
26158
26159
26166
26167
26168
26169
26170
26171
26175
26176
26177
26181
26182
26183
26187
26188
26189
26193
26194
26195
26199
26200
26201
26211
26212
26213
26214
26215
26216
26217
26218
26219
26226
26227
26228
26229
26230
26231
26235
26236
26237
26241
26242
26243
26247
26248
26249
26253
26254
26255
26259
26260
26261
26271
26272
26273
26274
26275
26276
26277
26278
26279
26286
26287
26288
26289
26290
26291
26295
26296
26297
26301
26302
26303
26307
26308
26309
26313
26314
26315
26319
26320
26321
26331
26332
26333
26334
26335
26336
26337
26338
26339
26346
26347
26348
26349
26350
26351
26355
26356
26357
26361
26362
26363
26367
26368
26369
26373
26374
26375
26379
26380
26381
26391
26392
26393
26394
26395
26396
26397
26398
26399
26406
26407
26408
26409
26410
26411
26415
26416
26417
26421
26422
26423
26427
26428
26429
26433
26434
26435
26439
26440
26441
26451
26452
26453
26454
26455
26456
26457
26458
26459
26466
26467
26468
26469
26470
26471
26475
26476
26477
26481
26482
26483
26487
26488
26489
26493
26494
26495
26499
26500
26501
26511
26512
26513
26514
26515
26516
26517
26518
26519
26526
26527
26528
26529
26530
26531
26535
26536
26537
26541
26542
26543
26547
26548
26549
26553
26554
26555
26559
26560
26561
26571
26572
26573
26574
26575
26576
26577
26578
26579
26586
26587
26588
26589
26590
26591
26595
26596
26597
26601
26602
26603
26607
26608
26609
26613
26614
26615
26619
26620
26621
26631
26632
26633
26634
26635
26636
26637
26638
26639
26646
26647
26648
26649
26650
26651
26655
26656
26657
26661
26662
26663
26667
26668
26669
26673
26674
26675
26679
26680
26681
26691
26692
26693
26694
26695
26696
26697
26698
26699
26706
26707
26708
26709
26710
26711
26715
26716
26717
26721
26722
26723
26727
26728
26729
26733
26734
26735
26739
26740
26741
26751
26752
26753
26754
26755
26756
26757
26758
26759
26766
26767
26768
26769
26770
26771
26775
26776
26777
26781
26782
26783
26787
26788
26789
26793
26794
26795
26799
26800
26801
26811
26812
26813
26814
26815
26816
26817
26818
26819
26826
26827
26828
26829
26830
26831
26835
26836
26837
26841
26842
26843
26847
26848
26849
26853
26854
26855
26859
26860
26861
26871
26872
26873
26874
26875
26876
26877
26878
26879
26886
26887
26888
26889
26890
26891
26895
26896
26897
26901
26902
26903
26907
26908
26909
26913
26914
26915
26919
26920
26921
26931
26932
26933
26934
26935
26936
26937
26938
26939
26946
26947
26948
26949
26950
26951
26955
26956
26957
26961
26962
26963
26967
26968
26969
26973
26974
26975
26979
26980
26981
26991
26992
26993
26994
26995
26996
26997
26998
26999
27006
27007
27008
27009
27010
27011
27015
27016
27017
27021
27022
27023
27027
27028
27029
27033
27034
27035
27039
27040
27041
27051
27052
27053
27054
27055
27056
27057
27058
27059
27066
27067
27068
27069
27070
27071
27075
27076
27077
27081
27082
27083
27087
27088
27089
27093
27094
27095
27099
27100
27101
27111
27112
27113
27114
27115
27116
27117
27118
27119
27126
27127
27128
27129
27130
27131
27135
27136
27137
27141
27142
27143
27147
27148
27149
27153
27154
27155
27159
27160
27161
27171
27172
27173
27174
27175
27176
27177
27178
27179
27186
27187
27188
27189
27190
27191
27195
27196
27197
27201
27202
27203
27207
27208
27209
27213
27214
27215
27219
27220
27221
27231
27232
27233
27234
27235
27236
27237
27238
27239
27246
27247
27248
27249
27250
27251
27255
27256
27257
27261
27262
27263
27267
27268
27269
27273
27274
27275
27279
27280
27281
27291
27292
27293
27294
27295
27296
27297
27298
27299
27306
27307
27308
27309
27310
27311
27315
27316
27317
27321
27322
27323
27327
27328
27329
27333
27334
27335
27339
27340
27341
27351
27352
27353
27354
27355
27356
27357
27358
27359
27366
27367
27368
27369
27370
27371
27375
27376
27377
27381
27382
27383
27387
27388
27389
27393
27394
27395
27399
27400
27401
27411
27412
27413
27414
27415
27416
27417
27418
27419
27426
27427
27428
27429
27430
27431
27435
27436
27437
27441
27442
27443
27447
27448
27449
27453
27454
27455
27459
27460
27461
27471
27472
27473
27474
27475
27476
27477
27478
27479
27486
27487
27488
27489
27490
27491
27495
27496
27497
27501
27502
27503
27507
27508
27509
27513
27514
27515
27519
27520
27521
27531
27532
27533
27534
27535
27536
27537
27538
27539
27546
27547
27548
27549
27550
27551
27555
27556
27557
27561
27562
27563
27567
27568
27569
27573
27574
27575
27579
27580
27581
27591
27592
27593
27594
27595
27596
27597
27598
27599
27606
27607
27608
27609
27610
27611
27615
27616
27617
27621
27622
27623
27627
27628
27629
27633
27634
27635
27639
27640
27641
27651
27652
27653
27654
27655
27656
27657
27658
27659
27666
27667
27668
27669
27670
27671
27675
27676
27677
27681
27682
27683
27687
27688
27689
27693
27694
27695
27699
27700
27701
27711
27712
27713
27714
27715
27716
27717
27718
27719
27726
27727
27728
27729
27730
27731
27735
27736
27737
27741
27742
27743
27747
27748
27749
27753
27754
27755
27759
27760
27761
27771
27772
27773
27774
27775
27776
27777
27778
27779
27786
27787
27788
27789
27790
27791
27795
27796
27797
27801
27802
27803
27807
27808
27809
27813
27814
27815
27819
27820
27821
27831
27832
27833
27834
27835
27836
27837
27838
27839
27846
27847
27848
27849
27850
27851
27855
27856
27857
27861
27862
27863
27867
27868
27869
27873
27874
27875
27879
27880
27881
27891
27892
27893
27894
27895
27896
27897
27898
27899
27906
27907
27908
27909
27910
27911
27915
27916
27917
27921
27922
27923
27927
27928
27929
27933
27934
27935
27939
27940
27941
27951
27952
27953
27954
27955
27956
27957
27958
27959
27966
27967
27968
27969
27970
27971
27975
27976
27977
27981
27982
27983
27987
27988
27989
27993
27994
27995
27999
28000
28001
28011
28012
28013
28014
28015
28016
28017
28018
28019
28026
28027
28028
28029
28030
28031
28035
28036
28037
28041
28042
28043
28047
28048
28049
28053
28054
28055
28059
28060
28061
28071
28072
28073
28074
28075
28076
28077
28078
28079
28086
28087
28088
28089
28090
28091
28095
28096
28097
28101
28102
28103
28107
28108
28109
28113
28114
28115
28119
28120
28121
28131
28132
28133
28134
28135
28136
28137
28138
28139
28146
28147
28148
28149
28150
28151
28155
28156
28157
28161
28162
28163
28167
28168
28169
28173
28174
28175
28179
28180
28181
28191
28192
28193
28194
28195
28196
28197
28198
28199
28206
28207
28208
28209
28210
28211
28215
28216
28217
28221
28222
28223
28227
28228
28229
28233
28234
28235
28239
28240
28241
28251
28252
28253
28254
28255
28256
28257
28258
28259
28266
28267
28268
28269
28270
28271
28275
28276
28277
28281
28282
28283
28287
28288
28289
28293
28294
28295
28299
28300
28301
28311
28312
28313
28314
28315
28316
28317
28318
28319
28326
28327
28328
28329
28330
28331
28335
28336
28337
28341
28342
28343
28347
28348
28349
28353
28354
28355
28359
28360
28361
28371
28372
28373
28374
28375
28376
28377
28378
28379
28386
28387
28388
28389
28390
28391
28395
28396
28397
28401
28402
28403
28407
28408
28409
28413
28414
28415
28419
28420
28421
28431
28432
28433
28434
28435
28436
28437
28438
28439
28446
28447
28448
28449
28450
28451
28455
28456
28457
28461
28462
28463
28467
28468
28469
28473
28474
28475
28479
28480
28481
28491
28492
28493
28494
28495
28496
28497
28498
28499
28506
28507
28508
28509
28510
28511
28515
28516
28517
28521
28522
28523
28527
28528
28529
28533
28534
28535
28539
28540
28541
28551
28552
28553
28554
28555
28556
28557
28558
28559
28566
28567
28568
28569
28570
28571
28575
28576
28577
28581
28582
28583
28587
28588
28589
28593
28594
28595
28599
28600
28601
28611
28612
28613
28614
28615
28616
28617
28618
28619
28626
28627
28628
28629
28630
28631
28635
28636
28637
28641
28642
28643
28647
28648
28649
28653
28654
28655
28659
28660
28661
28671
28672
28673
28674
28675
28676
28677
28678
28679
28686
28687
28688
28689
28690
28691
28695
28696
28697
28701
28702
28703
28707
28708
28709
28713
28714
28715
28719
28720
28721
28731
28732
28733
28734
28735
28736
28737
28738
28739
28746
28747
28748
28749
28750
28751
28755
28756
28757
28761
28762
28763
28767
28768
28769
28773
28774
28775
28779
28780
28781
28791
28792
28793
28794
28795
28796
28797
28798
28799
28806
28807
28808
28809
28810
28811
28815
28816
28817
28821
28822
28823
28827
28828
28829
28833
28834
28835
28839
28840
28841
28851
28852
28853
28854
28855
28856
28857
28858
28859
28866
28867
28868
28869
28870
28871
28875
28876
28877
28881
28882
28883
28887
28888
28889
28893
28894
28895
28899
28900
28901
28911
28912
28913
28914
28915
28916
28917
28918
28919
28926
28927
28928
28929
28930
28931
28935
28936
28937
28941
28942
28943
28947
28948
28949
28953
28954
28955
28959
28960
28961
28971
28972
28973
28974
28975
28976
28977
28978
28979
28986
28987
28988
28989
28990
28991
28995
28996
28997
29001
29002
29003
29007
29008
29009
29013
29014
29015
29019
29020
29021
29031
29032
29033
29034
29035
29036
29037
29038
29039
29046
29047
29048
29049
29050
29051
29055
29056
29057
29061
29062
29063
29067
29068
29069
29073
29074
29075
29079
29080
29081
29091
29092
29093
29094
29095
29096
29097
29098
29099
29106
29107
29108
29109
29110
29111
29115
29116
29117
29121
29122
29123
29127
29128
29129
29133
29134
29135
29139
29140
29141
29151
29152
29153
29154
29155
29156
29157
29158
29159
29166
29167
29168
29169
29170
29171
29175
29176
29177
29181
29182
29183
29187
29188
29189
29193
29194
29195
29199
29200
29201
29211
29212
29213
29214
29215
29216
29217
29218
29219
29226
29227
29228
29229
29230
29231
29235
29236
29237
29241
29242
29243
29247
29248
29249
29253
29254
29255
29259
29260
29261
29271
29272
29273
29274
29275
29276
29277
29278
29279
29286
29287
29288
29289
29290
29291
29295
29296
29297
29301
29302
29303
29307
29308
29309
29313
29314
29315
29319
29320
29321
29331
29332
29333
29334
29335
29336
29337
29338
29339
29346
29347
29348
29349
29350
29351
29355
29356
29357
29361
29362
29363
29367
29368
29369
29373
29374
29375
29379
29380
29381
29391
29392
29393
29394
29395
29396
29397
29398
29399
29406
29407
29408
29409
29410
29411
29415
29416
29417
29421
29422
29423
29427
29428
29429
29433
29434
29435
29439
29440
29441
29451
29452
29453
29454
29455
29456
29457
29458
29459
29466
29467
29468
29469
29470
29471
29475
29476
29477
29481
29482
29483
29487
29488
29489
29493
29494
29495
29499
29500
29501
29511
29512
29513
29514
29515
29516
29517
29518
29519
29526
29527
29528
29529
29530
29531
29535
29536
29537
29541
29542
29543
29547
29548
29549
29553
29554
29555
29559
29560
29561
29571
29572
29573
29574
29575
29576
29577
29578
29579
29586
29587
29588
29589
29590
29591
29595
29596
29597
29601
29602
29603
29607
29608
29609
29613
29614
29615
29619
29620
29621
29631
29632
29633
29634
29635
29636
29637
29638
29639
29646
29647
29648
29649
29650
29651
29655
29656
29657
29661
29662
29663
29667
29668
29669
29673
29674
29675
29679
29680
29681
29691
29692
29693
29694
29695
29696
29697
29698
29699
29706
29707
29708
29709
29710
29711
29715
29716
29717
29721
29722
29723
29727
29728
29729
29733
29734
29735
29739
29740
29741
29751
29752
29753
29754
29755
29756
29757
29758
29759
29766
29767
29768
29769
29770
29771
29775
29776
29777
29781
29782
29783
29787
29788
29789
29793
29794
29795
29799
29800
29801
29811
29812
29813
29814
29815
29816
29817
29818
29819
29826
29827
29828
29829
29830
29831
29835
29836
29837
29841
29842
29843
29847
29848
29849
29853
29854
29855
29859
29860
29861
29871
29872
29873
29874
29875
29876
29877
29878
29879
29886
29887
29888
29889
29890
29891
29895
29896
29897
29901
29902
29903
29907
29908
29909
29913
29914
29915
29919
29920
29921
29931
29932
29933
29934
29935
29936
29937
29938
29939
29946
29947
29948
29949
29950
29951
29955
29956
29957
29961
29962
29963
29967
29968
29969
29973
29974
29975
29979
29980
29981
29991
29992
29993
29994
29995
29996
29997
29998
29999
30006
30007
30008
30009
30010
30011
30015
30016
30017
30021
30022
30023
30027
30028
30029
30033
30034
30035
30039
30040
30041
30051
30052
30053
30054
30055
30056
30057
30058
30059
30066
30067
30068
30069
30070
30071
30075
30076
30077
30081
30082
30083
30087
30088
30089
30093
30094
30095
30099
30100
30101
30111
30112
30113
30114
30115
30116
30117
30118
30119
30126
30127
30128
30129
30130
30131
30135
30136
30137
30141
30142
30143
30147
30148
30149
30153
30154
30155
30159
30160
30161
30171
30172
30173
30174
30175
30176
30177
30178
30179
30186
30187
30188
30189
30190
30191
30195
30196
30197
30201
30202
30203
30207
30208
30209
30213
30214
30215
30219
30220
30221
30231
30232
30233
30234
30235
30236
30237
30238
30239
30246
30247
30248
30249
30250
30251
30255
30256
30257
30261
30262
30263
30267
30268
30269
30273
30274
30275
30279
30280
30281
30291
30292
30293
30294
30295
30296
30297
30298
30299
30306
30307
30308
30309
30310
30311
30315
30316
30317
30321
30322
30323
30327
30328
30329
30333
30334
30335
30339
30340
30341
30351
30352
30353
30354
30355
30356
30357
30358
30359
30366
30367
30368
30369
30370
30371
30375
30376
30377
30381
30382
30383
30387
30388
30389
30393
30394
30395
30399
30400
30401
30411
30412
30413
30414
30415
30416
30417
30418
30419
30426
30427
30428
30429
30430
30431
30435
30436
30437
30441
30442
30443
30447
30448
30449
30453
30454
30455
30459
30460
30461
30471
30472
30473
30474
30475
30476
30477
30478
30479
30486
30487
30488
30489
30490
30491
30495
30496
30497
30501
30502
30503
30507
30508
30509
30513
30514
30515
30519
30520
30521
30531
30532
30533
30534
30535
30536
30537
30538
30539
30546
30547
30548
30549
30550
30551
30555
30556
30557
30561
30562
30563
30567
30568
30569
30573
30574
30575
30579
30580
30581
30591
30592
30593
30594
30595
30596
30597
30598
30599
30606
30607
30608
30609
30610
30611
30615
30616
30617
30621
30622
30623
30627
30628
30629
30633
30634
30635
30639
30640
30641
30651
30652
30653
30654
30655
30656
30657
30658
30659
30666
30667
30668
30669
30670
30671
30675
30676
30677
30681
30682
30683
30687
30688
30689
30693
30694
30695
30699
30700
30701
30711
30712
30713
30714
30715
30716
30717
30718
30719
30726
30727
30728
30729
30730
30731
30735
30736
30737
30741
30742
30743
30747
30748
30749
30753
30754
30755
30759
30760
30761
30771
30772
30773
30774
30775
30776
30777
30778
30779
30786
30787
30788
30789
30790
30791
30795
30796
30797
30801
30802
30803
30807
30808
30809
30813
30814
30815
30819
30820
30821
30831
30832
30833
30834
30835
30836
30837
30838
30839
30846
30847
30848
30849
30850
30851
30855
30856
30857
30861
30862
30863
30867
30868
30869
30873
30874
30875
30879
30880
30881
30891
30892
30893
30894
30895
30896
30897
30898
30899
30906
30907
30908
30909
30910
30911
30915
30916
30917
30921
30922
30923
30927
30928
30929
30933
30934
30935
30939
30940
30941
30951
30952
30953
30954
30955
30956
30957
30958
30959
30966
30967
30968
30969
30970
30971
30975
30976
30977
30981
30982
30983
30987
30988
30989
30993
30994
30995
30999
31000
31001
31011
31012
31013
31014
31015
31016
31017
31018
31019
31026
31027
31028
31029
31030
31031
31035
31036
31037
31041
31042
31043
31047
31048
31049
31053
31054
31055
31059
31060
31061
31071
31072
31073
31074
31075
31076
31077
31078
31079
31086
31087
31088
31089
31090
31091
31095
31096
31097
31101
31102
31103
31107
31108
31109
31113
31114
31115
31119
31120
31121
31131
31132
31133
31134
31135
31136
31137
31138
31139
31146
31147
31148
31149
31150
31151
31155
31156
31157
31161
31162
31163
31167
31168
31169
31173
31174
31175
31179
31180
31181
31191
31192
31193
31194
31195
31196
31197
31198
31199
31206
31207
31208
31209
31210
31211
31215
31216
31217
31221
31222
31223
31227
31228
31229
31233
31234
31235
31239
31240
31241
31251
31252
31253
31254
31255
31256
31257
31258
31259
31266
31267
31268
31269
31270
31271
31275
31276
31277
31281
31282
31283
31287
31288
31289
31293
31294
31295
31299
31300
31301
31311
31312
31313
31314
31315
31316
31317
31318
31319
31326
31327
31328
31329
31330
31331
31335
31336
31337
31341
31342
31343
31347
31348
31349
31353
31354
31355
31359
31360
31361
31371
31372
31373
31374
31375
31376
31377
31378
31379
31386
31387
31388
31389
31390
31391
31395
31396
31397
31401
31402
31403
31407
31408
31409
31413
31414
31415
31419
31420
31421
31431
31432
31433
31434
31435
31436
31437
31438
31439
31446
31447
31448
31449
31450
31451
31455
31456
31457
31461
31462
31463
31467
31468
31469
31473
31474
31475
31479
31480
31481
31491
31492
31493
31494
31495
31496
31497
31498
31499
31506
31507
31508
31509
31510
31511
31515
31516
31517
31521
31522
31523
31527
31528
31529
31533
31534
31535
31539
31540
31541
31551
31552
31553
31554
31555
31556
31557
31558
31559
31566
31567
31568
31569
31570
31571
31575
31576
31577
31581
31582
31583
31587
31588
31589
31593
31594
31595
31599
31600
31601
31611
31612
31613
31614
31615
31616
31617
31618
31619
31626
31627
31628
31629
31630
31631
31635
31636
31637
31641
31642
31643
31647
31648
31649
31653
31654
31655
31659
31660
31661
31671
31672
31673
31674
31675
31676
31677
31678
31679
31686
31687
31688
31689
31690
31691
31695
31696
31697
31701
31702
31703
31707
31708
31709
31713
31714
31715
31719
31720
31721
31731
31732
31733
31734
31735
31736
31737
31738
31739
31746
31747
31748
31749
31750
31751
31755
31756
31757
31761
31762
31763
31767
31768
31769
31773
31774
31775
31779
31780
31781
31791
31792
31793
31794
31795
31796
31797
31798
31799
31806
31807
31808
31809
31810
31811
31815
31816
31817
31821
31822
31823
31827
31828
31829
31833
31834
31835
31839
31840
31841
31851
31852
31853
31854
31855
31856
31857
31858
31859
31866
31867
31868
31869
31870
31871
31875
31876
31877
31881
31882
31883
31887
31888
31889
31893
31894
31895
31899
31900
31901
31911
31912
31913
31914
31915
31916
31917
31918
31919
31926
31927
31928
31929
31930
31931
31935
31936
31937
31941
31942
31943
31947
31948
31949
31953
31954
31955
31959
31960
31961
31971
31972
31973
31974
31975
31976
31977
31978
31979
31986
31987
31988
31989
31990
31991
31995
31996
31997
32001
32002
32003
32007
32008
32009
32013
32014
32015
32019
32020
32021
32031
32032
32033
32034
32035
32036
32037
32038
32039
32046
32047
32048
32049
32050
32051
32055
32056
32057
32061
32062
32063
32067
32068
32069
32073
32074
32075
32079
32080
32081
32091
32092
32093
32094
32095
32096
32097
32098
32099
32106
32107
32108
32109
32110
32111
32115
32116
32117
32121
32122
32123
32127
32128
32129
32133
32134
32135
32139
32140
32141
32151
32152
32153
32154
32155
32156
32157
32158
32159
32166
32167
32168
32169
32170
32171
32175
32176
32177
32181
32182
32183
32187
32188
32189
32193
32194
32195
32199
32200
32201
32211
32212
32213
32214
32215
32216
32217
32218
32219
32226
32227
32228
32229
32230
32231
32235
32236
32237
32241
32242
32243
32247
32248
32249
32253
32254
32255
32259
32260
32261
32271
32272
32273
32274
32275
32276
32277
32278
32279
32286
32287
32288
32289
32290
32291
32295
32296
32297
32301
32302
32303
32307
32308
32309
32313
32314
32315
32319
32320
32321
32331
32332
32333
32334
32335
32336
32337
32338
32339
32346
32347
32348
32349
32350
32351
32355
32356
32357
32361
32362
32363
32367
32368
32369
32373
32374
32375
32379
32380
32381
32391
32392
32393
32394
32395
32396
32397
32398
32399
32406
32407
32408
32409
32410
32411
32415
32416
32417
32421
32422
32423
32427
32428
32429
32433
32434
32435
32439
32440
32441
32451
32452
32453
32454
32455
32456
32457
32458
32459
32466
32467
32468
32469
32470
32471
32475
32476
32477
32481
32482
32483
32487
32488
32489
32493
32494
32495
32499
32500
32501
32511
32512
32513
32514
32515
32516
32517
32518
32519
32526
32527
32528
32529
32530
32531
32535
32536
32537
32541
32542
32543
32547
32548
32549
32553
32554
32555
32559
32560
32561
32571
32572
32573
32574
32575
32576
32577
32578
32579
32586
32587
32588
32589
32590
32591
32595
32596
32597
32601
32602
32603
32607
32608
32609
32613
32614
32615
32619
32620
32621
32631
32632
32633
32634
32635
32636
32637
32638
32639
32646
32647
32648
32649
32650
32651
32655
32656
32657
32661
32662
32663
32667
32668
32669
32673
32674
32675
32679
32680
32681
32691
32692
32693
32694
32695
32696
32697
32698
32699
32706
32707
32708
32709
32710
32711
32715
32716
32717
32721
32722
32723
32727
32728
32729
32733
32734
32735
32739
32740
32741
32751
32752
32753
32754
32755
32756
32757
32758
32759
32766
32767
)


// ************************************************************************* //
