/*--------------------------------*- C++ -*----------------------------------*\
| =========                 |                                                 |
| \\      /  F ield         | OpenFOAM: The Open Source CFD Toolbox           |
|  \\    /   O peration     | Version:  2512                                  |
|   \\  /    A nd           | Website:  www.openfoam.com                      |
|    \\/     M anipulation  |                                                 |
\*---------------------------------------------------------------------------*/
FoamFile
{
    version     2.0;
    format      binary;
    arch        "LSB;label=32;scalar=64";
    class       cellSet;
    location    "constant/fluid/polyMesh/sets";
    object      region0;
}
// * * * * * * * * * * * * * * * * * * * * * * * * * * * * * * * * * * * * * //


16800
(
0
1
32772
4
32773
5
32774
8
9
32778
32779
32780
12
13
32784
16
32785
17
32786
20
21
32790
32791
32792
24
25
32796
28
32797
29
32798
32
33
32802
32803
32804
36
32805
37
32806
32807
32808
40
32809
41
32810
44
45
48
49
32820
52
32821
53
32822
32823
32824
56
32825
57
60
61
32832
64
32833
65
32834
68
69
32838
32839
32840
72
73
32844
76
32845
77
32846
80
81
32850
32851
32852
84
85
32856
88
32857
89
32858
92
93
32862
32863
32864
96
32865
97
32866
32867
32868
100
32869
101
32870
104
105
108
109
32880
112
32881
113
32882
32883
32884
116
32885
117
120
121
32892
124
32893
125
32894
128
129
32898
32899
32900
132
133
32904
136
32905
137
32906
140
141
32910
32911
32912
144
145
32916
148
32917
149
32918
152
153
32922
32923
32924
156
32925
157
32926
32927
32928
160
32929
161
32930
164
165
168
169
32940
172
32941
173
32942
32943
32944
176
32945
177
180
181
32952
184
32953
185
32954
188
189
32958
32959
32960
192
193
32964
196
32965
197
32966
200
201
32970
32971
32972
204
205
32976
208
32977
209
32978
212
213
32982
32983
32984
216
32985
217
32986
32987
32988
220
32989
221
32990
224
225
228
229
33000
232
33001
233
33002
33003
33004
236
33005
237
240
241
33012
244
33013
245
33014
248
249
33018
33019
33020
252
253
33024
256
33025
257
33026
260
261
33030
33031
33032
264
265
33036
268
33037
269
33038
272
273
33042
33043
33044
276
33045
277
33046
33047
33048
280
33049
281
33050
284
285
288
289
33060
292
33061
293
33062
33063
33064
296
33065
297
300
301
33072
304
33073
305
33074
308
309
33078
33079
33080
312
313
33084
316
33085
317
33086
320
321
33090
33091
33092
324
325
33096
328
33097
329
33098
332
333
33102
33103
33104
336
33105
337
33106
33107
33108
340
33109
341
33110
344
345
348
349
33120
352
33121
353
33122
33123
33124
356
33125
357
360
361
33132
364
33133
365
33134
368
369
33138
33139
33140
372
373
33144
376
33145
377
33146
380
381
33150
33151
33152
384
385
33156
388
33157
389
33158
392
393
33162
33163
33164
396
33165
397
33166
33167
33168
400
33169
401
33170
404
405
408
409
33180
412
33181
413
33182
33183
33184
416
33185
417
420
421
33192
424
33193
425
33194
428
429
33198
33199
33200
432
433
33204
436
33205
437
33206
440
441
33210
33211
33212
444
445
33216
448
33217
449
33218
452
453
33222
33223
33224
456
33225
457
33226
33227
33228
460
33229
461
33230
464
465
468
469
33240
472
33241
473
33242
33243
33244
476
33245
477
480
481
33252
484
33253
485
33254
488
489
33258
33259
33260
492
493
33264
496
33265
497
33266
500
501
33270
33271
33272
504
505
33276
508
33277
509
33278
512
513
33282
33283
33284
516
33285
517
33286
33287
33288
520
33289
521
33290
524
525
528
529
33300
532
33301
533
33302
33303
33304
536
33305
537
540
541
33312
544
33313
545
33314
548
549
33318
33319
33320
552
553
33324
556
33325
557
33326
560
561
33330
33331
33332
564
565
33336
568
33337
569
33338
572
573
33342
33343
33344
576
33345
577
33346
33347
33348
580
33349
581
33350
584
585
588
589
33360
592
33361
593
33362
33363
33364
596
33365
597
600
601
33372
604
33373
605
33374
608
609
33378
33379
33380
612
613
33384
616
33385
617
33386
620
621
33390
33391
33392
624
625
33396
628
33397
629
33398
632
633
33402
33403
33404
636
33405
637
33406
33407
33408
640
33409
641
33410
644
645
648
649
33420
652
33421
653
33422
33423
33424
656
33425
657
660
661
33432
664
33433
665
33434
668
669
33438
33439
33440
672
673
33444
676
33445
677
33446
680
681
33450
33451
33452
684
685
33456
688
33457
689
33458
692
693
33462
33463
33464
696
33465
697
33466
33467
33468
700
33469
701
33470
704
705
708
709
33480
712
33481
713
33482
33483
33484
716
33485
717
720
721
33492
724
33493
725
33494
728
729
33498
33499
33500
732
733
33504
736
33505
737
33506
740
741
33510
33511
33512
744
745
33516
748
33517
749
33518
752
753
33522
33523
33524
756
33525
757
33526
33527
33528
760
33529
761
33530
764
765
768
769
33540
772
33541
773
33542
33543
33544
776
33545
777
780
781
33552
784
33553
785
33554
788
789
33558
33559
33560
792
793
33564
796
33565
797
33566
800
801
33570
33571
33572
804
805
33576
808
33577
809
33578
812
813
33582
33583
33584
816
33585
817
33586
33587
33588
820
33589
821
33590
824
825
828
829
832
833
836
837
840
841
844
845
848
849
852
853
856
857
860
861
864
865
868
869
872
873
876
877
880
881
884
885
888
889
892
893
896
897
900
901
904
905
908
909
912
913
916
917
920
921
924
925
928
929
932
933
936
937
940
941
944
945
948
949
952
953
956
957
960
961
964
965
968
969
972
973
976
977
980
981
984
985
988
989
992
993
996
997
1000
1001
1004
1005
1008
1009
1012
1013
1016
1017
1020
1021
1024
1025
1028
1029
1032
1033
1036
1037
1040
1041
1044
1045
1048
1049
1052
1053
1056
1057
1060
1061
1064
1065
1068
1069
1072
1073
1076
1077
1080
1081
1084
1085
1088
1089
1092
1093
1096
1097
1100
1101
1104
1105
1108
1109
1112
1113
1116
1117
1120
1121
1124
1125
1128
1129
1132
1133
1136
1137
1140
1141
1144
1145
1148
1149
1152
1153
1156
1157
1160
1161
1164
1165
1168
1169
1172
1173
1176
1177
1180
1181
1184
1185
1188
1189
1192
1193
1196
1197
1200
1201
1204
1205
1208
1209
1212
1213
1216
1217
1220
1221
1224
1225
1228
1229
1232
1233
1236
1237
1240
1241
1244
1245
1248
1249
1252
1253
1256
1257
1260
1261
1264
1265
1268
1269
1272
1273
1276
1277
1280
1281
1284
1285
1288
1289
1292
1293
1296
1297
1300
1301
1304
1305
1308
1309
1312
1313
1316
1317
1320
1321
1324
1325
1328
1329
1332
1333
1336
1337
1340
1341
1344
1345
1348
1349
1352
1353
1356
1357
1360
1361
1364
1365
1368
1369
1372
1373
1376
1377
1380
1381
1384
1385
1388
1389
1392
1393
1396
1397
1400
1401
1404
1405
1408
1409
1412
1413
1416
1417
1420
1421
1424
1425
1428
1429
1432
1433
1436
1437
1440
1441
1444
1445
1448
1449
1452
1453
1456
1457
1460
1461
1464
1465
1468
1469
1472
1473
1476
1477
1480
1481
1484
1485
1488
1489
1492
1493
1496
1497
1500
1501
1504
1505
1508
1509
1512
1513
1516
1517
1520
1521
1524
1525
1528
1529
1532
1533
1536
1537
1540
1541
1544
1545
1548
1549
1552
1553
1556
1557
1560
1561
1564
1565
1568
1569
1572
1573
1576
1577
1580
1581
1584
1585
1588
1589
1592
1593
1596
1597
1600
1601
1604
1605
1608
1609
1612
1613
1616
1617
1620
1621
1624
1625
1628
1629
1632
1633
1636
1637
1640
1641
1644
1645
1648
1649
1652
1653
1656
1657
1660
1661
1664
1665
1668
1669
1672
1673
1676
1677
1680
1681
1684
1685
1688
1689
1692
1693
1696
1697
1700
1701
1704
1705
1708
1709
1712
1713
1716
1717
1720
1721
1724
1725
1728
1729
1732
1733
1736
1737
1740
1741
1744
1745
1748
1749
1752
1753
1756
1757
1760
1761
1764
1765
1768
1769
1772
1773
1776
1777
1780
1781
1784
1785
1788
1789
1792
1793
1796
1797
1800
1801
1804
1805
1808
1809
1812
1813
1816
1817
1820
1821
1824
1825
1828
1829
1832
1833
1836
1837
1840
1841
1844
1845
1848
1849
1852
1853
1856
1857
1860
1861
1864
1865
1868
1869
1872
1873
1876
1877
1880
1881
1884
1885
1888
1889
1892
1893
1896
1897
1900
1901
1904
1905
1908
1909
1912
1913
1916
1917
1920
1921
1924
1925
1928
1929
1932
1933
1936
1937
1940
1941
1944
1945
1948
1949
1952
1953
1956
1957
1960
1961
1964
1965
1968
1969
1972
1973
1976
1977
1980
1981
1984
1985
1988
1989
1992
1993
1996
1997
2000
2001
2004
2005
2008
2009
2012
2013
2016
2017
2020
2021
2024
2025
2028
2029
2032
2033
2036
2037
2040
2041
2044
2045
2048
2049
2052
2053
2056
2057
2060
2061
2064
2065
2068
2069
2072
2073
2076
2077
2080
2081
2084
2085
2088
2089
2092
2093
2096
2097
2100
2101
2104
2105
2108
2109
2112
2113
2116
2117
2120
2121
2124
2125
2128
2129
2132
2133
2136
2137
2140
2141
2144
2145
2148
2149
2152
2153
2156
2157
2160
2161
2164
2165
2168
2169
2172
2173
2176
2177
2180
2181
2184
2185
2188
2189
2192
2193
2196
2197
2200
2201
2204
2205
2208
2209
2212
2213
2216
2217
2220
2221
2224
2225
2228
2229
2232
2233
2236
2237
2240
2241
2244
2245
2248
2249
2252
2253
2256
2257
2260
2261
2264
2265
2268
2269
2272
2273
2276
2277
2280
2281
2284
2285
2288
2289
2292
2293
2296
2297
2300
2301
2304
2305
2308
2309
2312
2313
2316
2317
2320
2321
2324
2325
2328
2329
2332
2333
2336
2337
2340
2341
2344
2345
2348
2349
2352
2353
2356
2357
2360
2361
2364
2365
2368
2369
2372
2373
2376
2377
2380
2381
2384
2385
2388
2389
2392
2393
2396
2397
2400
2401
2404
2405
2408
2409
2412
2413
2416
2417
2420
2421
2424
2425
2428
2429
2432
2433
2436
2437
2440
2441
2444
2445
2448
2449
2452
2453
2456
2457
2460
2461
2464
2465
2468
2469
2472
2473
2476
2477
2480
2481
2484
2485
2488
2489
2492
2493
2496
2497
2500
2501
2504
2505
2508
2509
2512
2513
2516
2517
2520
2521
2524
2525
2528
2529
2532
2533
2536
2537
2540
2541
2544
2545
2548
2549
2552
2553
2556
2557
2560
2561
2564
2565
2568
2569
2572
2573
2576
2577
2580
2581
2584
2585
2588
2589
2592
2593
2596
2597
2600
2601
2604
2605
2608
2609
2612
2613
2616
2617
2620
2621
2624
2625
2628
2629
2632
2633
2636
2637
2640
2641
2644
2645
2648
2649
2652
2653
2656
2657
2660
2661
2664
2665
2668
2669
2672
2673
2676
2677
2680
2681
2684
2685
2688
2689
2692
2693
2696
2697
2700
2701
2704
2705
2708
2709
2712
2713
2716
2717
2720
2721
2724
2725
2728
2729
2732
2733
2736
2737
2740
2741
2744
2745
2748
2749
2752
2753
2756
2757
2760
2761
2764
2765
2768
2769
2772
2773
2776
2777
2780
2781
2784
2785
2788
2789
2792
2793
2796
2797
2800
2801
2804
2805
2808
2809
2812
2813
2816
2817
2820
2821
2824
2825
2828
2829
2832
2833
2836
2837
2840
2841
2844
2845
2848
2849
2852
2853
2856
2857
2860
2861
2864
2865
2868
2869
2872
2873
2876
2877
2880
2881
2884
2885
2888
2889
2892
2893
2896
2897
2900
2901
2904
2905
2908
2909
2912
2913
2916
2917
2920
2921
2924
2925
2928
2929
2932
2933
2936
2937
2940
2941
2944
2945
2948
2949
2952
2953
2956
2957
2960
2961
2964
2965
2968
2969
2972
2973
2976
2977
2980
2981
2984
2985
2988
2989
2992
2993
2996
2997
3000
3001
3004
3005
3008
3009
3012
3013
3016
3017
3020
3021
3024
3025
3028
3029
3032
3033
3036
3037
3040
3041
3044
3045
3048
3049
3052
3053
3056
3057
3060
3061
3064
3065
3068
3069
3072
3073
3076
3077
3080
3081
3084
3085
3088
3089
3092
3093
3096
3097
3100
3101
3104
3105
3108
3109
3112
3113
3116
3117
3120
3121
3124
3125
3128
3129
3132
3133
3136
3137
3140
3141
3144
3145
3148
3149
3152
3153
3156
3157
3160
3161
3164
3165
3168
3169
3172
3173
3176
3177
3180
3181
3184
3185
3188
3189
3192
3193
3196
3197
3200
3201
3204
3205
3208
3209
3212
3213
3216
3217
3220
3221
3224
3225
3228
3229
3232
3233
3236
3237
3240
3241
3244
3245
3248
3249
3252
3253
3256
3257
3260
3261
3264
3265
3268
3269
3272
3273
3276
3277
3280
3281
3284
3285
3288
3289
3292
3293
3296
3297
3300
3301
3304
3305
3308
3309
3312
3313
3316
3317
3320
3321
3324
3325
3328
3329
3332
3333
3336
3337
3340
3341
3344
3345
3348
3349
3352
3353
3356
3357
3360
3361
3364
3365
3368
3369
3372
3373
3376
3377
3380
3381
3384
3385
3388
3389
3392
3393
3396
3397
3400
3401
3404
3405
3408
3409
3412
3413
3416
3417
3420
3421
3424
3425
3428
3429
3432
3433
3436
3437
3440
3441
3444
3445
3448
3449
3452
3453
3456
3457
3460
3461
3464
3465
3468
3469
3472
3473
3476
3477
3480
3481
3484
3485
3488
3489
3492
3493
3496
3497
3500
3501
3504
3505
3508
3509
3512
3513
3516
3517
3520
3521
3524
3525
3528
3529
3532
3533
3536
3537
3540
3541
3544
3545
3548
3549
3552
3553
3556
3557
3560
3561
3564
3565
3568
3569
3572
3573
3576
3577
3580
3581
3584
3585
3588
3589
3592
3593
3596
3597
3600
3601
3604
3605
3608
3609
3612
3613
3616
3617
3620
3621
3624
3625
3628
3629
3632
3633
3636
3637
3640
3641
3644
3645
3648
3649
3652
3653
3656
3657
3660
3661
3664
3665
3668
3669
3672
3673
3676
3677
3680
3681
3684
3685
3688
3689
3692
3693
3696
3697
3700
3701
3704
3705
3708
3709
3712
3713
3716
3717
3720
3721
3724
3725
3728
3729
3732
3733
3736
3737
3740
3741
3744
3745
3748
3749
3752
3753
3756
3757
3760
3761
3764
3765
3768
3769
3772
3773
3776
3777
3780
3781
3784
3785
3788
3789
3792
3793
3796
3797
3800
3801
3804
3805
3808
3809
3812
3813
3816
3817
3820
3821
3824
3825
3828
3829
3832
3833
3836
3837
3840
3841
3844
3845
3848
3849
3852
3853
3856
3857
3860
3861
3864
3865
3868
3869
3872
3873
3876
3877
3880
3881
3884
3885
3888
3889
3892
3893
3896
3897
3900
3901
3904
3905
3908
3909
3912
3913
3916
3917
3920
3921
3924
3925
3928
3929
3932
3933
3936
3937
3940
3941
3944
3945
3948
3949
3952
3953
3956
3957
3960
3961
3964
3965
3968
3969
3972
3973
3976
3977
3980
3981
3984
3985
3988
3989
3992
3993
3996
3997
4000
4001
4004
4005
4008
4009
4012
4013
4016
4017
4020
4021
4024
4025
4028
4029
4032
4033
4036
4037
4040
4041
4044
4045
4048
4049
4052
4053
4056
4057
4060
4061
4064
4065
4068
4069
4072
4073
4076
4077
4080
4081
4084
4085
4088
4089
4092
4093
4096
4097
4100
4101
4104
4105
4108
4109
4112
4113
4116
4117
4120
4121
4124
4125
4128
4129
4132
4133
4136
4137
4140
4141
4144
4145
4148
4149
4152
4153
4156
4157
4160
4161
4164
4165
4168
4169
4172
4173
4176
4177
4180
4181
4184
4185
4188
4189
4192
4193
4196
4197
4200
4201
4204
4205
4208
4209
4212
4213
4216
4217
4220
4221
4224
4225
4228
4229
4232
4233
4236
4237
4240
4241
4244
4245
4248
4249
4252
4253
4256
4257
4260
4261
4264
4265
4268
4269
4272
4273
4276
4277
4280
4281
4284
4285
4288
4289
4292
4293
4296
4297
4300
4301
4304
4305
4308
4309
4312
4313
4316
4317
4320
4321
4324
4325
4328
4329
4332
4333
4336
4337
4340
4341
4344
4345
4348
4349
4352
4353
4356
4357
4360
4361
4364
4365
4368
4369
4372
4373
4376
4377
4380
4381
4384
4385
4388
4389
4392
4393
4396
4397
4400
4401
4404
4405
4408
4409
4412
4413
4416
4417
4420
4421
4424
4425
4428
4429
4432
4433
4436
4437
4440
4441
4444
4445
4448
4449
4452
4453
4456
4457
4460
4461
4464
4465
4468
4469
4472
4473
4476
4477
4480
4481
4484
4485
4488
4489
4492
4493
4496
4497
4500
4501
4504
4505
4508
4509
4512
4513
4516
4517
4520
4521
4524
4525
4528
4529
4532
4533
4536
4537
4540
4541
4544
4545
4548
4549
4552
4553
4556
4557
4560
4561
4564
4565
4568
4569
4572
4573
4576
4577
4580
4581
4584
4585
4588
4589
4592
4593
4596
4597
4600
4601
4604
4605
4608
4609
4612
4613
4616
4617
4620
4621
4624
4625
4628
4629
4632
4633
4636
4637
4640
4641
4644
4645
4648
4649
4652
4653
4656
4657
4660
4661
4664
4665
4668
4669
4672
4673
4676
4677
4680
4681
4684
4685
4688
4689
4692
4693
4696
4697
4700
4701
4704
4705
4708
4709
4712
4713
4716
4717
4720
4721
4724
4725
4728
4729
4732
4733
4736
4737
4740
4741
4744
4745
4748
4749
4752
4753
4756
4757
4760
4761
4764
4765
4768
4769
4772
4773
4776
4777
4780
4781
4784
4785
4788
4789
4792
4793
4796
4797
4800
4801
4802
4803
4804
4805
4812
4813
4814
4818
4819
4820
4824
4825
4826
4830
4831
4832
4836
4837
4838
4842
4843
4844
4845
4846
4847
4848
4849
4850
4860
4861
4862
4863
4864
4865
4872
4873
4874
4878
4879
4880
4884
4885
4886
4890
4891
4892
4896
4897
4898
4902
4903
4904
4905
4906
4907
4908
4909
4910
4920
4921
4922
4923
4924
4925
4932
4933
4934
4938
4939
4940
4944
4945
4946
4950
4951
4952
4956
4957
4958
4962
4963
4964
4965
4966
4967
4968
4969
4970
4980
4981
4982
4983
4984
4985
4992
4993
4994
4998
4999
5000
5004
5005
5006
5010
5011
5012
5016
5017
5018
5022
5023
5024
5025
5026
5027
5028
5029
5030
5040
5041
5042
5043
5044
5045
5052
5053
5054
5058
5059
5060
5064
5065
5066
5070
5071
5072
5076
5077
5078
5082
5083
5084
5085
5086
5087
5088
5089
5090
5100
5101
5102
5103
5104
5105
5112
5113
5114
5118
5119
5120
5124
5125
5126
5130
5131
5132
5136
5137
5138
5142
5143
5144
5145
5146
5147
5148
5149
5150
5160
5161
5162
5163
5164
5165
5172
5173
5174
5178
5179
5180
5184
5185
5186
5190
5191
5192
5196
5197
5198
5202
5203
5204
5205
5206
5207
5208
5209
5210
5220
5221
5222
5223
5224
5225
5232
5233
5234
5238
5239
5240
5244
5245
5246
5250
5251
5252
5256
5257
5258
5262
5263
5264
5265
5266
5267
5268
5269
5270
5280
5281
5282
5283
5284
5285
5292
5293
5294
5298
5299
5300
5304
5305
5306
5310
5311
5312
5316
5317
5318
5322
5323
5324
5325
5326
5327
5328
5329
5330
5340
5341
5342
5343
5344
5345
5352
5353
5354
5358
5359
5360
5364
5365
5366
5370
5371
5372
5376
5377
5378
5382
5383
5384
5385
5386
5387
5388
5389
5390
5400
5401
5402
5403
5404
5405
5412
5413
5414
5418
5419
5420
5424
5425
5426
5430
5431
5432
5436
5437
5438
5442
5443
5444
5445
5446
5447
5448
5449
5450
5460
5461
5462
5463
5464
5465
5472
5473
5474
5478
5479
5480
5484
5485
5486
5490
5491
5492
5496
5497
5498
5502
5503
5504
5505
5506
5507
5508
5509
5510
5520
5521
5522
5523
5524
5525
5532
5533
5534
5538
5539
5540
5544
5545
5546
5550
5551
5552
5556
5557
5558
5562
5563
5564
5565
5566
5567
5568
5569
5570
5580
5581
5582
5583
5584
5585
5592
5593
5594
5598
5599
5600
5604
5605
5606
5610
5611
5612
5616
5617
5618
5622
5623
5624
5625
5626
5627
5628
5629
5630
5640
5641
5642
5643
5644
5645
5652
5653
5654
5658
5659
5660
5664
5665
5666
5670
5671
5672
5676
5677
5678
5682
5683
5684
5685
5686
5687
5688
5689
5690
5700
5701
5702
5703
5704
5705
5712
5713
5714
5718
5719
5720
5724
5725
5726
5730
5731
5732
5736
5737
5738
5742
5743
5744
5745
5746
5747
5748
5749
5750
5760
5761
5762
5763
5764
5765
5772
5773
5774
5778
5779
5780
5784
5785
5786
5790
5791
5792
5796
5797
5798
5802
5803
5804
5805
5806
5807
5808
5809
5810
5820
5821
5822
5823
5824
5825
5832
5833
5834
5838
5839
5840
5844
5845
5846
5850
5851
5852
5856
5857
5858
5862
5863
5864
5865
5866
5867
5868
5869
5870
5880
5881
5882
5883
5884
5885
5892
5893
5894
5898
5899
5900
5904
5905
5906
5910
5911
5912
5916
5917
5918
5922
5923
5924
5925
5926
5927
5928
5929
5930
5940
5941
5942
5943
5944
5945
5952
5953
5954
5958
5959
5960
5964
5965
5966
5970
5971
5972
5976
5977
5978
5982
5983
5984
5985
5986
5987
5988
5989
5990
6000
6001
6002
6003
6004
6005
6012
6013
6014
6018
6019
6020
6024
6025
6026
6030
6031
6032
6036
6037
6038
6042
6043
6044
6045
6046
6047
6048
6049
6050
6060
6061
6062
6063
6064
6065
6072
6073
6074
6078
6079
6080
6084
6085
6086
6090
6091
6092
6096
6097
6098
6102
6103
6104
6105
6106
6107
6108
6109
6110
6120
6121
6122
6123
6124
6125
6132
6133
6134
6138
6139
6140
6144
6145
6146
6150
6151
6152
6156
6157
6158
6162
6163
6164
6165
6166
6167
6168
6169
6170
6180
6181
6182
6183
6184
6185
6192
6193
6194
6198
6199
6200
6204
6205
6206
6210
6211
6212
6216
6217
6218
6222
6223
6224
6225
6226
6227
6228
6229
6230
6240
6241
6242
6243
6244
6245
6252
6253
6254
6258
6259
6260
6264
6265
6266
6270
6271
6272
6276
6277
6278
6282
6283
6284
6285
6286
6287
6288
6289
6290
6300
6301
6302
6303
6304
6305
6312
6313
6314
6318
6319
6320
6324
6325
6326
6330
6331
6332
6336
6337
6338
6342
6343
6344
6345
6346
6347
6348
6349
6350
6360
6361
6362
6363
6364
6365
6372
6373
6374
6378
6379
6380
6384
6385
6386
6390
6391
6392
6396
6397
6398
6402
6403
6404
6405
6406
6407
6408
6409
6410
6420
6421
6422
6423
6424
6425
6432
6433
6434
6438
6439
6440
6444
6445
6446
6450
6451
6452
6456
6457
6458
6462
6463
6464
6465
6466
6467
6468
6469
6470
6480
6481
6482
6483
6484
6485
6492
6493
6494
6498
6499
6500
6504
6505
6506
6510
6511
6512
6516
6517
6518
6522
6523
6524
6525
6526
6527
6528
6529
6530
6540
6541
6542
6543
6544
6545
6552
6553
6554
6558
6559
6560
6564
6565
6566
6570
6571
6572
6576
6577
6578
6582
6583
6584
6585
6586
6587
6588
6589
6590
6600
6601
6602
6603
6604
6605
6612
6613
6614
6618
6619
6620
6624
6625
6626
6630
6631
6632
6636
6637
6638
6642
6643
6644
6645
6646
6647
6648
6649
6650
6660
6661
6662
6663
6664
6665
6672
6673
6674
6678
6679
6680
6684
6685
6686
6690
6691
6692
6696
6697
6698
6702
6703
6704
6705
6706
6707
6708
6709
6710
6720
6721
6722
6723
6724
6725
6732
6733
6734
6738
6739
6740
6744
6745
6746
6750
6751
6752
6756
6757
6758
6762
6763
6764
6765
6766
6767
6768
6769
6770
6780
6781
6782
6783
6784
6785
6792
6793
6794
6798
6799
6800
6804
6805
6806
6810
6811
6812
6816
6817
6818
6822
6823
6824
6825
6826
6827
6828
6829
6830
6840
6841
6842
6843
6844
6845
6852
6853
6854
6858
6859
6860
6864
6865
6866
6870
6871
6872
6876
6877
6878
6882
6883
6884
6885
6886
6887
6888
6889
6890
6900
6901
6902
6903
6904
6905
6912
6913
6914
6918
6919
6920
6924
6925
6926
6930
6931
6932
6936
6937
6938
6942
6943
6944
6945
6946
6947
6948
6949
6950
6960
6961
6962
6963
6964
6965
6972
6973
6974
6978
6979
6980
6984
6985
6986
6990
6991
6992
6996
6997
6998
7002
7003
7004
7005
7006
7007
7008
7009
7010
7020
7021
7022
7023
7024
7025
7032
7033
7034
7038
7039
7040
7044
7045
7046
7050
7051
7052
7056
7057
7058
7062
7063
7064
7065
7066
7067
7068
7069
7070
7080
7081
7082
7083
7084
7085
7092
7093
7094
7098
7099
7100
7104
7105
7106
7110
7111
7112
7116
7117
7118
7122
7123
7124
7125
7126
7127
7128
7129
7130
7140
7141
7142
7143
7144
7145
7152
7153
7154
7158
7159
7160
7164
7165
7166
7170
7171
7172
7176
7177
7178
7182
7183
7184
7185
7186
7187
7188
7189
7190
7200
7201
7202
7203
7204
7205
7212
7213
7214
7218
7219
7220
7224
7225
7226
7230
7231
7232
7236
7237
7238
7242
7243
7244
7245
7246
7247
7248
7249
7250
7260
7261
7262
7263
7264
7265
7272
7273
7274
7278
7279
7280
7284
7285
7286
7290
7291
7292
7296
7297
7298
7302
7303
7304
7305
7306
7307
7308
7309
7310
7320
7321
7322
7323
7324
7325
7332
7333
7334
7338
7339
7340
7344
7345
7346
7350
7351
7352
7356
7357
7358
7362
7363
7364
7365
7366
7367
7368
7369
7370
7380
7381
7382
7383
7384
7385
7392
7393
7394
7398
7399
7400
7404
7405
7406
7410
7411
7412
7416
7417
7418
7422
7423
7424
7425
7426
7427
7428
7429
7430
7440
7441
7442
7443
7444
7445
7452
7453
7454
7458
7459
7460
7464
7465
7466
7470
7471
7472
7476
7477
7478
7482
7483
7484
7485
7486
7487
7488
7489
7490
7500
7501
7502
7503
7504
7505
7512
7513
7514
7518
7519
7520
7524
7525
7526
7530
7531
7532
7536
7537
7538
7542
7543
7544
7545
7546
7547
7548
7549
7550
7560
7561
7562
7563
7564
7565
7572
7573
7574
7578
7579
7580
7584
7585
7586
7590
7591
7592
7596
7597
7598
7602
7603
7604
7605
7606
7607
7608
7609
7610
7620
7621
7622
7623
7624
7625
7632
7633
7634
7638
7639
7640
7644
7645
7646
7650
7651
7652
7656
7657
7658
7662
7663
7664
7665
7666
7667
7668
7669
7670
7680
7681
7682
7683
7684
7685
7692
7693
7694
7698
7699
7700
7704
7705
7706
7710
7711
7712
7716
7717
7718
7722
7723
7724
7725
7726
7727
7728
7729
7730
7740
7741
7742
7743
7744
7745
7752
7753
7754
7758
7759
7760
7764
7765
7766
7770
7771
7772
7776
7777
7778
7782
7783
7784
7785
7786
7787
7788
7789
7790
7800
7801
7802
7803
7804
7805
7812
7813
7814
7818
7819
7820
7824
7825
7826
7830
7831
7832
7836
7837
7838
7842
7843
7844
7845
7846
7847
7848
7849
7850
7860
7861
7862
7863
7864
7865
7872
7873
7874
7878
7879
7880
7884
7885
7886
7890
7891
7892
7896
7897
7898
7902
7903
7904
7905
7906
7907
7908
7909
7910
7920
7921
7922
7923
7924
7925
7932
7933
7934
7938
7939
7940
7944
7945
7946
7950
7951
7952
7956
7957
7958
7962
7963
7964
7965
7966
7967
7968
7969
7970
7980
7981
7982
7983
7984
7985
7992
7993
7994
7998
7999
8000
8004
8005
8006
8010
8011
8012
8016
8017
8018
8022
8023
8024
8025
8026
8027
8028
8029
8030
8040
8041
8042
8043
8044
8045
8052
8053
8054
8058
8059
8060
8064
8065
8066
8070
8071
8072
8076
8077
8078
8082
8083
8084
8085
8086
8087
8088
8089
8090
8100
8101
8102
8103
8104
8105
8112
8113
8114
8118
8119
8120
8124
8125
8126
8130
8131
8132
8136
8137
8138
8142
8143
8144
8145
8146
8147
8148
8149
8150
8160
8161
8162
8163
8164
8165
8172
8173
8174
8178
8179
8180
8184
8185
8186
8190
8191
8192
8196
8197
8198
8202
8203
8204
8205
8206
8207
8208
8209
8210
8220
8221
8222
8223
8224
8225
8232
8233
8234
8238
8239
8240
8244
8245
8246
8250
8251
8252
8256
8257
8258
8262
8263
8264
8265
8266
8267
8268
8269
8270
8280
8281
8282
8283
8284
8285
8292
8293
8294
8298
8299
8300
8304
8305
8306
8310
8311
8312
8316
8317
8318
8322
8323
8324
8325
8326
8327
8328
8329
8330
8340
8341
8342
8343
8344
8345
8352
8353
8354
8358
8359
8360
8364
8365
8366
8370
8371
8372
8376
8377
8378
8382
8383
8384
8385
8386
8387
8388
8389
8390
8400
8401
8402
8403
8404
8405
8412
8413
8414
8418
8419
8420
8424
8425
8426
8430
8431
8432
8436
8437
8438
8442
8443
8444
8445
8446
8447
8448
8449
8450
8460
8461
8462
8463
8464
8465
8472
8473
8474
8478
8479
8480
8484
8485
8486
8490
8491
8492
8496
8497
8498
8502
8503
8504
8505
8506
8507
8508
8509
8510
8520
8521
8522
8523
8524
8525
8532
8533
8534
8538
8539
8540
8544
8545
8546
8550
8551
8552
8556
8557
8558
8562
8563
8564
8565
8566
8567
8568
8569
8570
8580
8581
8582
8583
8584
8585
8592
8593
8594
8598
8599
8600
8604
8605
8606
8610
8611
8612
8616
8617
8618
8622
8623
8624
8625
8626
8627
8628
8629
8630
8640
8641
8642
8643
8644
8645
8652
8653
8654
8658
8659
8660
8664
8665
8666
8670
8671
8672
8676
8677
8678
8682
8683
8684
8685
8686
8687
8688
8689
8690
8700
8701
8702
8703
8704
8705
8712
8713
8714
8718
8719
8720
8724
8725
8726
8730
8731
8732
8736
8737
8738
8742
8743
8744
8745
8746
8747
8748
8749
8750
8760
8761
8762
8763
8764
8765
8772
8773
8774
8778
8779
8780
8784
8785
8786
8790
8791
8792
8796
8797
8798
8802
8803
8804
8805
8806
8807
8808
8809
8810
8820
8821
8822
8823
8824
8825
8832
8833
8834
8838
8839
8840
8844
8845
8846
8850
8851
8852
8856
8857
8858
8862
8863
8864
8865
8866
8867
8868
8869
8870
8880
8881
8882
8883
8884
8885
8892
8893
8894
8898
8899
8900
8904
8905
8906
8910
8911
8912
8916
8917
8918
8922
8923
8924
8925
8926
8927
8928
8929
8930
8940
8941
8942
8943
8944
8945
8952
8953
8954
8958
8959
8960
8964
8965
8966
8970
8971
8972
8976
8977
8978
8982
8983
8984
8985
8986
8987
8988
8989
8990
9000
9001
9002
9003
9004
9005
9012
9013
9014
9018
9019
9020
9024
9025
9026
9030
9031
9032
9036
9037
9038
9042
9043
9044
9045
9046
9047
9048
9049
9050
9060
9061
9062
9063
9064
9065
9072
9073
9074
9078
9079
9080
9084
9085
9086
9090
9091
9092
9096
9097
9098
9102
9103
9104
9105
9106
9107
9108
9109
9110
9120
9121
9122
9123
9124
9125
9132
9133
9134
9138
9139
9140
9144
9145
9146
9150
9151
9152
9156
9157
9158
9162
9163
9164
9165
9166
9167
9168
9169
9170
9180
9181
9182
9183
9184
9185
9192
9193
9194
9198
9199
9200
9204
9205
9206
9210
9211
9212
9216
9217
9218
9222
9223
9224
9225
9226
9227
9228
9229
9230
9240
9241
9242
9243
9244
9245
9252
9253
9254
9258
9259
9260
9264
9265
9266
9270
9271
9272
9276
9277
9278
9282
9283
9284
9285
9286
9287
9288
9289
9290
9300
9301
9302
9303
9304
9305
9312
9313
9314
9318
9319
9320
9324
9325
9326
9330
9331
9332
9336
9337
9338
9342
9343
9344
9345
9346
9347
9348
9349
9350
9360
9361
9362
9363
9364
9365
9372
9373
9374
9378
9379
9380
9384
9385
9386
9390
9391
9392
9396
9397
9398
9402
9403
9404
9405
9406
9407
9408
9409
9410
9420
9421
9422
9423
9424
9425
9432
9433
9434
9438
9439
9440
9444
9445
9446
9450
9451
9452
9456
9457
9458
9462
9463
9464
9465
9466
9467
9468
9469
9470
9480
9481
9482
9483
9484
9485
9492
9493
9494
9498
9499
9500
9504
9505
9506
9510
9511
9512
9516
9517
9518
9522
9523
9524
9525
9526
9527
9528
9529
9530
9540
9541
9542
9543
9544
9545
9552
9553
9554
9558
9559
9560
9564
9565
9566
9570
9571
9572
9576
9577
9578
9582
9583
9584
9585
9586
9587
9588
9589
9590
9600
9601
9602
9603
9604
9605
9612
9613
9614
9618
9619
9620
9624
9625
9626
9630
9631
9632
9636
9637
9638
9642
9643
9644
9645
9646
9647
9648
9649
9650
9660
9661
9662
9663
9664
9665
9672
9673
9674
9678
9679
9680
9684
9685
9686
9690
9691
9692
9696
9697
9698
9702
9703
9704
9705
9706
9707
9708
9709
9710
9720
9721
9722
9723
9724
9725
9732
9733
9734
9738
9739
9740
9744
9745
9746
9750
9751
9752
9756
9757
9758
9762
9763
9764
9765
9766
9767
9768
9769
9770
9780
9781
9782
9783
9784
9785
9792
9793
9794
9798
9799
9800
9804
9805
9806
9810
9811
9812
9816
9817
9818
9822
9823
9824
9825
9826
9827
9828
9829
9830
9840
9841
9842
9843
9844
9845
9852
9853
9854
9858
9859
9860
9864
9865
9866
9870
9871
9872
9876
9877
9878
9882
9883
9884
9885
9886
9887
9888
9889
9890
9900
9901
9902
9903
9904
9905
9912
9913
9914
9918
9919
9920
9924
9925
9926
9930
9931
9932
9936
9937
9938
9942
9943
9944
9945
9946
9947
9948
9949
9950
9960
9961
9962
9963
9964
9965
9972
9973
9974
9978
9979
9980
9984
9985
9986
9990
9991
9992
9996
9997
9998
10002
10003
10004
10005
10006
10007
10008
10009
10010
10020
10021
10022
10023
10024
10025
10032
10033
10034
10038
10039
10040
10044
10045
10046
10050
10051
10052
10056
10057
10058
10062
10063
10064
10065
10066
10067
10068
10069
10070
10080
10081
10082
10083
10084
10085
10092
10093
10094
10098
10099
10100
10104
10105
10106
10110
10111
10112
10116
10117
10118
10122
10123
10124
10125
10126
10127
10128
10129
10130
10140
10141
10142
10143
10144
10145
10152
10153
10154
10158
10159
10160
10164
10165
10166
10170
10171
10172
10176
10177
10178
10182
10183
10184
10185
10186
10187
10188
10189
10190
10200
10201
10202
10203
10204
10205
10212
10213
10214
10218
10219
10220
10224
10225
10226
10230
10231
10232
10236
10237
10238
10242
10243
10244
10245
10246
10247
10248
10249
10250
10260
10261
10262
10263
10264
10265
10272
10273
10274
10278
10279
10280
10284
10285
10286
10290
10291
10292
10296
10297
10298
10302
10303
10304
10305
10306
10307
10308
10309
10310
10320
10321
10322
10323
10324
10325
10332
10333
10334
10338
10339
10340
10344
10345
10346
10350
10351
10352
10356
10357
10358
10362
10363
10364
10365
10366
10367
10368
10369
10370
10380
10381
10382
10383
10384
10385
10392
10393
10394
10398
10399
10400
10404
10405
10406
10410
10411
10412
10416
10417
10418
10422
10423
10424
10425
10426
10427
10428
10429
10430
10440
10441
10442
10443
10444
10445
10452
10453
10454
10458
10459
10460
10464
10465
10466
10470
10471
10472
10476
10477
10478
10482
10483
10484
10485
10486
10487
10488
10489
10490
10500
10501
10502
10503
10504
10505
10512
10513
10514
10518
10519
10520
10524
10525
10526
10530
10531
10532
10536
10537
10538
10542
10543
10544
10545
10546
10547
10548
10549
10550
10560
10561
10562
10563
10564
10565
10572
10573
10574
10578
10579
10580
10584
10585
10586
10590
10591
10592
10596
10597
10598
10602
10603
10604
10605
10606
10607
10608
10609
10610
10620
10621
10622
10623
10624
10625
10632
10633
10634
10638
10639
10640
10644
10645
10646
10650
10651
10652
10656
10657
10658
10662
10663
10664
10665
10666
10667
10668
10669
10670
10680
10681
10682
10683
10684
10685
10692
10693
10694
10698
10699
10700
10704
10705
10706
10710
10711
10712
10716
10717
10718
10722
10723
10724
10725
10726
10727
10728
10729
10730
10740
10741
10742
10743
10744
10745
10752
10753
10754
10758
10759
10760
10764
10765
10766
10770
10771
10772
10776
10777
10778
10782
10783
10784
10785
10786
10787
10788
10789
10790
10800
10801
10802
10803
10804
10805
10812
10813
10814
10818
10819
10820
10824
10825
10826
10830
10831
10832
10836
10837
10838
10842
10843
10844
10845
10846
10847
10848
10849
10850
10860
10861
10862
10863
10864
10865
10872
10873
10874
10878
10879
10880
10884
10885
10886
10890
10891
10892
10896
10897
10898
10902
10903
10904
10905
10906
10907
10908
10909
10910
10920
10921
10922
10923
10924
10925
10932
10933
10934
10938
10939
10940
10944
10945
10946
10950
10951
10952
10956
10957
10958
10962
10963
10964
10965
10966
10967
10968
10969
10970
10980
10981
10982
10983
10984
10985
10992
10993
10994
10998
10999
11000
11004
11005
11006
11010
11011
11012
11016
11017
11018
11022
11023
11024
11025
11026
11027
11028
11029
11030
11040
11041
11042
11043
11044
11045
11052
11053
11054
11058
11059
11060
11064
11065
11066
11070
11071
11072
11076
11077
11078
11082
11083
11084
11085
11086
11087
11088
11089
11090
11100
11101
11102
11103
11104
11105
11112
11113
11114
11118
11119
11120
11124
11125
11126
11130
11131
11132
11136
11137
11138
11142
11143
11144
11145
11146
11147
11148
11149
11150
11160
11161
11162
11163
11164
11165
11172
11173
11174
11178
11179
11180
11184
11185
11186
11190
11191
11192
11196
11197
11198
11202
11203
11204
11205
11206
11207
11208
11209
11210
11220
11221
11222
11223
11224
11225
11232
11233
11234
11238
11239
11240
11244
11245
11246
11250
11251
11252
11256
11257
11258
11262
11263
11264
11265
11266
11267
11268
11269
11270
11280
11281
11282
11283
11284
11285
11292
11293
11294
11298
11299
11300
11304
11305
11306
11310
11311
11312
11316
11317
11318
11322
11323
11324
11325
11326
11327
11328
11329
11330
11340
11341
11342
11343
11344
11345
11352
11353
11354
11358
11359
11360
11364
11365
11366
11370
11371
11372
11376
11377
11378
11382
11383
11384
11385
11386
11387
11388
11389
11390
11400
11401
11402
11403
11404
11405
11412
11413
11414
11418
11419
11420
11424
11425
11426
11430
11431
11432
11436
11437
11438
11442
11443
11444
11445
11446
11447
11448
11449
11450
11460
11461
11462
11463
11464
11465
11472
11473
11474
11478
11479
11480
11484
11485
11486
11490
11491
11492
11496
11497
11498
11502
11503
11504
11505
11506
11507
11508
11509
11510
11520
11521
11522
11523
11524
11525
11532
11533
11534
11538
11539
11540
11544
11545
11546
11550
11551
11552
11556
11557
11558
11562
11563
11564
11565
11566
11567
11568
11569
11570
11580
11581
11582
11583
11584
11585
11592
11593
11594
11598
11599
11600
11604
11605
11606
11610
11611
11612
11616
11617
11618
11622
11623
11624
11625
11626
11627
11628
11629
11630
11640
11641
11642
11643
11644
11645
11652
11653
11654
11658
11659
11660
11664
11665
11666
11670
11671
11672
11676
11677
11678
11682
11683
11684
11685
11686
11687
11688
11689
11690
11700
11701
11702
11703
11704
11705
11712
11713
11714
11718
11719
11720
11724
11725
11726
11730
11731
11732
11736
11737
11738
11742
11743
11744
11745
11746
11747
11748
11749
11750
11760
11761
11762
11763
11764
11765
11772
11773
11774
11778
11779
11780
11784
11785
11786
11790
11791
11792
11796
11797
11798
11802
11803
11804
11805
11806
11807
11808
11809
11810
11820
11821
11822
11823
11824
11825
11832
11833
11834
11838
11839
11840
11844
11845
11846
11850
11851
11852
11856
11857
11858
11862
11863
11864
11865
11866
11867
11868
11869
11870
11880
11881
11882
11883
11884
11885
11892
11893
11894
11898
11899
11900
11904
11905
11906
11910
11911
11912
11916
11917
11918
11922
11923
11924
11925
11926
11927
11928
11929
11930
11940
11941
11942
11943
11944
11945
11952
11953
11954
11958
11959
11960
11964
11965
11966
11970
11971
11972
11976
11977
11978
11982
11983
11984
11985
11986
11987
11988
11989
11990
12000
12001
12002
12003
12004
12005
12012
12013
12014
12018
12019
12020
12024
12025
12026
12030
12031
12032
12036
12037
12038
12042
12043
12044
12045
12046
12047
12048
12049
12050
12060
12061
12062
12063
12064
12065
12072
12073
12074
12078
12079
12080
12084
12085
12086
12090
12091
12092
12096
12097
12098
12102
12103
12104
12105
12106
12107
12108
12109
12110
12120
12121
12122
12123
12124
12125
12132
12133
12134
12138
12139
12140
12144
12145
12146
12150
12151
12152
12156
12157
12158
12162
12163
12164
12165
12166
12167
12168
12169
12170
12180
12181
12182
12183
12184
12185
12192
12193
12194
12198
12199
12200
12204
12205
12206
12210
12211
12212
12216
12217
12218
12222
12223
12224
12225
12226
12227
12228
12229
12230
12240
12241
12242
12243
12244
12245
12252
12253
12254
12258
12259
12260
12264
12265
12266
12270
12271
12272
12276
12277
12278
12282
12283
12284
12285
12286
12287
12288
12289
12290
12300
12301
12302
12303
12304
12305
12312
12313
12314
12318
12319
12320
12324
12325
12326
12330
12331
12332
12336
12337
12338
12342
12343
12344
12345
12346
12347
12348
12349
12350
12360
12361
12362
12363
12364
12365
12372
12373
12374
12378
12379
12380
12384
12385
12386
12390
12391
12392
12396
12397
12398
12402
12403
12404
12405
12406
12407
12408
12409
12410
12420
12421
12422
12423
12424
12425
12432
12433
12434
12438
12439
12440
12444
12445
12446
12450
12451
12452
12456
12457
12458
12462
12463
12464
12465
12466
12467
12468
12469
12470
12480
12481
12482
12483
12484
12485
12492
12493
12494
12498
12499
12500
12504
12505
12506
12510
12511
12512
12516
12517
12518
12522
12523
12524
12525
12526
12527
12528
12529
12530
12540
12541
12542
12543
12544
12545
12552
12553
12554
12558
12559
12560
12564
12565
12566
12570
12571
12572
12576
12577
12578
12582
12583
12584
12585
12586
12587
12588
12589
12590
12600
12601
12602
12603
12604
12605
12612
12613
12614
12618
12619
12620
12624
12625
12626
12630
12631
12632
12636
12637
12638
12642
12643
12644
12645
12646
12647
12648
12649
12650
12660
12661
12662
12663
12664
12665
12672
12673
12674
12678
12679
12680
12684
12685
12686
12690
12691
12692
12696
12697
12698
12702
12703
12704
12705
12706
12707
12708
12709
12710
12720
12721
12722
12723
12724
12725
12732
12733
12734
12738
12739
12740
12744
12745
12746
12750
12751
12752
12756
12757
12758
12762
12763
12764
12765
12766
12767
12768
12769
12770
12780
12781
12782
12783
12784
12785
12792
12793
12794
12798
12799
12800
12804
12805
12806
12810
12811
12812
12816
12817
12818
12822
12823
12824
12825
12826
12827
12828
12829
12830
12840
12841
12842
12843
12844
12845
12852
12853
12854
12858
12859
12860
12864
12865
12866
12870
12871
12872
12876
12877
12878
12882
12883
12884
12885
12886
12887
12888
12889
12890
12900
12901
12902
12903
12904
12905
12912
12913
12914
12918
12919
12920
12924
12925
12926
12930
12931
12932
12936
12937
12938
12942
12943
12944
12945
12946
12947
12948
12949
12950
12960
12961
12962
12963
12964
12965
12972
12973
12974
12978
12979
12980
12984
12985
12986
12990
12991
12992
12996
12997
12998
13002
13003
13004
13005
13006
13007
13008
13009
13010
13020
13021
13022
13023
13024
13025
13032
13033
13034
13038
13039
13040
13044
13045
13046
13050
13051
13052
13056
13057
13058
13062
13063
13064
13065
13066
13067
13068
13069
13070
13080
13081
13082
13083
13084
13085
13092
13093
13094
13098
13099
13100
13104
13105
13106
13110
13111
13112
13116
13117
13118
13122
13123
13124
13125
13126
13127
13128
13129
13130
13140
13141
13142
13143
13144
13145
13152
13153
13154
13158
13159
13160
13164
13165
13166
13170
13171
13172
13176
13177
13178
13182
13183
13184
13185
13186
13187
13188
13189
13190
13200
13201
13202
13203
13204
13205
13212
13213
13214
13218
13219
13220
13224
13225
13226
13230
13231
13232
13236
13237
13238
13242
13243
13244
13245
13246
13247
13248
13249
13250
13260
13261
13262
13263
13264
13265
13272
13273
13274
13278
13279
13280
13284
13285
13286
13290
13291
13292
13296
13297
13298
13302
13303
13304
13305
13306
13307
13308
13309
13310
13320
13321
13322
13323
13324
13325
13332
13333
13334
13338
13339
13340
13344
13345
13346
13350
13351
13352
13356
13357
13358
13362
13363
13364
13365
13366
13367
13368
13369
13370
13380
13381
13382
13383
13384
13385
13392
13393
13394
13398
13399
13400
13404
13405
13406
13410
13411
13412
13416
13417
13418
13422
13423
13424
13425
13426
13427
13428
13429
13430
13440
13441
13442
13443
13444
13445
13452
13453
13454
13458
13459
13460
13464
13465
13466
13470
13471
13472
13476
13477
13478
13482
13483
13484
13485
13486
13487
13488
13489
13490
13500
13501
13502
13503
13504
13505
13512
13513
13514
13518
13519
13520
13524
13525
13526
13530
13531
13532
13536
13537
13538
13542
13543
13544
13545
13546
13547
13548
13549
13550
13560
13561
13562
13563
13564
13565
13572
13573
13574
13578
13579
13580
13584
13585
13586
13590
13591
13592
13596
13597
13598
13602
13603
13604
13605
13606
13607
13608
13609
13610
13620
13621
13622
13623
13624
13625
13632
13633
13634
13638
13639
13640
13644
13645
13646
13650
13651
13652
13656
13657
13658
13662
13663
13664
13665
13666
13667
13668
13669
13670
13680
13681
13682
13683
13684
13685
13692
13693
13694
13698
13699
13700
13704
13705
13706
13710
13711
13712
13716
13717
13718
13722
13723
13724
13725
13726
13727
13728
13729
13730
13740
13741
13742
13743
13744
13745
13752
13753
13754
13758
13759
13760
13764
13765
13766
13770
13771
13772
13776
13777
13778
13782
13783
13784
13785
13786
13787
13788
13789
13790
13800
13801
13802
13803
13804
13805
13812
13813
13814
13818
13819
13820
13824
13825
13826
13830
13831
13832
13836
13837
13838
13842
13843
13844
13845
13846
13847
13848
13849
13850
13860
13861
13862
13863
13864
13865
13872
13873
13874
13878
13879
13880
13884
13885
13886
13890
13891
13892
13896
13897
13898
13902
13903
13904
13905
13906
13907
13908
13909
13910
13920
13921
13922
13923
13924
13925
13932
13933
13934
13938
13939
13940
13944
13945
13946
13950
13951
13952
13956
13957
13958
13962
13963
13964
13965
13966
13967
13968
13969
13970
13980
13981
13982
13983
13984
13985
13992
13993
13994
13998
13999
14000
14004
14005
14006
14010
14011
14012
14016
14017
14018
14022
14023
14024
14025
14026
14027
14028
14029
14030
14040
14041
14042
14043
14044
14045
14052
14053
14054
14058
14059
14060
14064
14065
14066
14070
14071
14072
14076
14077
14078
14082
14083
14084
14085
14086
14087
14088
14089
14090
14100
14101
14102
14103
14104
14105
14112
14113
14114
14118
14119
14120
14124
14125
14126
14130
14131
14132
14136
14137
14138
14142
14143
14144
14145
14146
14147
14148
14149
14150
14160
14161
14162
14163
14164
14165
14172
14173
14174
14178
14179
14180
14184
14185
14186
14190
14191
14192
14196
14197
14198
14202
14203
14204
14205
14206
14207
14208
14209
14210
14220
14221
14222
14223
14224
14225
14232
14233
14234
14238
14239
14240
14244
14245
14246
14250
14251
14252
14256
14257
14258
14262
14263
14264
14265
14266
14267
14268
14269
14270
14280
14281
14282
14283
14284
14285
14292
14293
14294
14298
14299
14300
14304
14305
14306
14310
14311
14312
14316
14317
14318
14322
14323
14324
14325
14326
14327
14328
14329
14330
14340
14341
14342
14343
14344
14345
14352
14353
14354
14358
14359
14360
14364
14365
14366
14370
14371
14372
14376
14377
14378
14382
14383
14384
14385
14386
14387
14388
14389
14390
14400
14401
14402
14403
14404
14405
14412
14413
14414
14418
14419
14420
14424
14425
14426
14430
14431
14432
14436
14437
14438
14442
14443
14444
14445
14446
14447
14448
14449
14450
14460
14461
14462
14463
14464
14465
14472
14473
14474
14478
14479
14480
14484
14485
14486
14490
14491
14492
14496
14497
14498
14502
14503
14504
14505
14506
14507
14508
14509
14510
14520
14521
14522
14523
14524
14525
14532
14533
14534
14538
14539
14540
14544
14545
14546
14550
14551
14552
14556
14557
14558
14562
14563
14564
14565
14566
14567
14568
14569
14570
14580
14581
14582
14583
14584
14585
14592
14593
14594
14598
14599
14600
14604
14605
14606
14610
14611
14612
14616
14617
14618
14622
14623
14624
14625
14626
14627
14628
14629
14630
14640
14641
14642
14643
14644
14645
14652
14653
14654
14658
14659
14660
14664
14665
14666
14670
14671
14672
14676
14677
14678
14682
14683
14684
14685
14686
14687
14688
14689
14690
14700
14701
14702
14703
14704
14705
14712
14713
14714
14718
14719
14720
14724
14725
14726
14730
14731
14732
14736
14737
14738
14742
14743
14744
14745
14746
14747
14748
14749
14750
14760
14761
14762
14763
14764
14765
14772
14773
14774
14778
14779
14780
14784
14785
14786
14790
14791
14792
14796
14797
14798
14802
14803
14804
14805
14806
14807
14808
14809
14810
14820
14821
14822
14823
14824
14825
14832
14833
14834
14838
14839
14840
14844
14845
14846
14850
14851
14852
14856
14857
14858
14862
14863
14864
14865
14866
14867
14868
14869
14870
14880
14881
14882
14883
14884
14885
14892
14893
14894
14898
14899
14900
14904
14905
14906
14910
14911
14912
14916
14917
14918
14922
14923
14924
14925
14926
14927
14928
14929
14930
14940
14941
14942
14943
14944
14945
14952
14953
14954
14958
14959
14960
14964
14965
14966
14970
14971
14972
14976
14977
14978
14982
14983
14984
14985
14986
14987
14988
14989
14990
15000
15001
15002
15003
15004
15005
15012
15013
15014
15018
15019
15020
15024
15025
15026
15030
15031
15032
15036
15037
15038
15042
15043
15044
15045
15046
15047
15048
15049
15050
15060
15061
15062
15063
15064
15065
15072
15073
15074
15078
15079
15080
15084
15085
15086
15090
15091
15092
15096
15097
15098
15102
15103
15104
15105
15106
15107
15108
15109
15110
15120
15121
15122
15123
15124
15125
15132
15133
15134
15138
15139
15140
15144
15145
15146
15150
15151
15152
15156
15157
15158
15162
15163
15164
15165
15166
15167
15168
15169
15170
15180
15181
15182
15183
15184
15185
15192
15193
15194
15198
15199
15200
15204
15205
15206
15210
15211
15212
15216
15217
15218
15222
15223
15224
15225
15226
15227
15228
15229
15230
15240
15241
15242
15243
15244
15245
15252
15253
15254
15258
15259
15260
15264
15265
15266
15270
15271
15272
15276
15277
15278
15282
15283
15284
15285
15286
15287
15288
15289
15290
15300
15301
15302
15303
15304
15305
15312
15313
15314
15318
15319
15320
15324
15325
15326
15330
15331
15332
15336
15337
15338
15342
15343
15344
15345
15346
15347
15348
15349
15350
15360
15361
15362
15363
15364
15365
15372
15373
15374
15378
15379
15380
15384
15385
15386
15390
15391
15392
15396
15397
15398
15402
15403
15404
15405
15406
15407
15408
15409
15410
15420
15421
15422
15423
15424
15425
15432
15433
15434
15438
15439
15440
15444
15445
15446
15450
15451
15452
15456
15457
15458
15462
15463
15464
15465
15466
15467
15468
15469
15470
15480
15481
15482
15483
15484
15485
15492
15493
15494
15498
15499
15500
15504
15505
15506
15510
15511
15512
15516
15517
15518
15522
15523
15524
15525
15526
15527
15528
15529
15530
15540
15541
15542
15543
15544
15545
15552
15553
15554
15558
15559
15560
15564
15565
15566
15570
15571
15572
15576
15577
15578
15582
15583
15584
15585
15586
15587
15588
15589
15590
15600
15601
15602
15603
15604
15605
15612
15613
15614
15618
15619
15620
15624
15625
15626
15630
15631
15632
15636
15637
15638
15642
15643
15644
15645
15646
15647
15648
15649
15650
15660
15661
15662
15663
15664
15665
15672
15673
15674
15678
15679
15680
15684
15685
15686
15690
15691
15692
15696
15697
15698
15702
15703
15704
15705
15706
15707
15708
15709
15710
15720
15721
15722
15723
15724
15725
15732
15733
15734
15738
15739
15740
15744
15745
15746
15750
15751
15752
15756
15757
15758
15762
15763
15764
15765
15766
15767
15768
15769
15770
15780
15781
15782
15783
15784
15785
15792
15793
15794
15798
15799
15800
15804
15805
15806
15810
15811
15812
15816
15817
15818
15822
15823
15824
15825
15826
15827
15828
15829
15830
15840
15841
15842
15843
15844
15845
15852
15853
15854
15858
15859
15860
15864
15865
15866
15870
15871
15872
15876
15877
15878
15882
15883
15884
15885
15886
15887
15888
15889
15890
15900
15901
15902
15903
15904
15905
15912
15913
15914
15918
15919
15920
15924
15925
15926
15930
15931
15932
15936
15937
15938
15942
15943
15944
15945
15946
15947
15948
15949
15950
15960
15961
15962
15963
15964
15965
15972
15973
15974
15978
15979
15980
15984
15985
15986
15990
15991
15992
15996
15997
15998
16002
16003
16004
16005
16006
16007
16008
16009
16010
16020
16021
16022
16023
16024
16025
16032
16033
16034
16038
16039
16040
16044
16045
16046
16050
16051
16052
16056
16057
16058
16062
16063
16064
16065
16066
16067
16068
16069
16070
16080
16081
16082
16083
16084
16085
16092
16093
16094
16098
16099
16100
16104
16105
16106
16110
16111
16112
16116
16117
16118
16122
16123
16124
16125
16126
16127
16128
16129
16130
16140
16141
16142
16143
16144
16145
16152
16153
16154
16158
16159
16160
16164
16165
16166
16170
16171
16172
16176
16177
16178
16182
16183
16184
16185
16186
16187
16188
16189
16190
16200
16201
16202
16203
16204
16205
16212
16213
16214
16218
16219
16220
16224
16225
16226
16230
16231
16232
16236
16237
16238
16242
16243
16244
16245
16246
16247
16248
16249
16250
16260
16261
16262
16263
16264
16265
16272
16273
16274
16278
16279
16280
16284
16285
16286
16290
16291
16292
16296
16297
16298
16302
16303
16304
16305
16306
16307
16308
16309
16310
16320
16321
16322
16323
16324
16325
16332
16333
16334
16338
16339
16340
16344
16345
16346
16350
16351
16352
16356
16357
16358
16362
16363
16364
16365
16366
16367
16368
16369
16370
16380
16381
16382
16383
16384
16385
16392
16393
16394
16398
16399
16400
16404
16405
16406
16410
16411
16412
16416
16417
16418
16422
16423
16424
16425
16426
16427
16428
16429
16430
16440
16441
16442
16443
16444
16445
16452
16453
16454
16458
16459
16460
16464
16465
16466
16470
16471
16472
16476
16477
16478
16482
16483
16484
16485
16486
16487
16488
16489
16490
16500
16501
16502
16503
16504
16505
16512
16513
16514
16518
16519
16520
16524
16525
16526
16530
16531
16532
16536
16537
16538
16542
16543
16544
16545
16546
16547
16548
16549
16550
16560
16561
16562
16563
16564
16565
16572
16573
16574
16578
16579
16580
16584
16585
16586
16590
16591
16592
16596
16597
16598
16602
16603
16604
16605
16606
16607
16608
16609
16610
16620
16621
16622
16623
16624
16625
16632
16633
16634
16638
16639
16640
16644
16645
16646
16650
16651
16652
16656
16657
16658
16662
16663
16664
16665
16666
16667
16668
16669
16670
16680
16681
16682
16683
16684
16685
16692
16693
16694
16698
16699
16700
16704
16705
16706
16710
16711
16712
16716
16717
16718
16722
16723
16724
16725
16726
16727
16728
16729
16730
16740
16741
16742
16743
16744
16745
16752
16753
16754
16758
16759
16760
16764
16765
16766
16770
16771
16772
16776
16777
16778
16782
16783
16784
16785
16786
16787
16788
16789
16790
16800
16801
16804
16805
16808
16809
16812
16813
16816
16817
16820
16821
16824
16825
16828
16829
16832
16833
16836
16837
16840
16841
16844
16845
16848
16849
16852
16853
16856
16857
16860
16861
16864
16865
16868
16869
16872
16873
16876
16877
16880
16881
16884
16885
16888
16889
16892
16893
16896
16897
16900
16901
16904
16905
16908
16909
16912
16913
16916
16917
16920
16921
16924
16925
16928
16929
16932
16933
16936
16937
16940
16941
16944
16945
16948
16949
16952
16953
16956
16957
16960
16961
16964
16965
16968
16969
16972
16973
16976
16977
16980
16981
16984
16985
16988
16989
16992
16993
16996
16997
17000
17001
17004
17005
17008
17009
17012
17013
17016
17017
17020
17021
17024
17025
17028
17029
17032
17033
17036
17037
17040
17041
17044
17045
17048
17049
17052
17053
17056
17057
17060
17061
17064
17065
17068
17069
17072
17073
17076
17077
17080
17081
17084
17085
17088
17089
17092
17093
17096
17097
17100
17101
17104
17105
17108
17109
17112
17113
17116
17117
17120
17121
17124
17125
17128
17129
17132
17133
17136
17137
17140
17141
17144
17145
17148
17149
17152
17153
17156
17157
17160
17161
17164
17165
17168
17169
17172
17173
17176
17177
17180
17181
17184
17185
17188
17189
17192
17193
17196
17197
17200
17201
17204
17205
17208
17209
17212
17213
17216
17217
17220
17221
17224
17225
17228
17229
17232
17233
17236
17237
17240
17241
17244
17245
17248
17249
17252
17253
17256
17257
17260
17261
17264
17265
17268
17269
17272
17273
17276
17277
17280
17281
17284
17285
17288
17289
17292
17293
17296
17297
17300
17301
17304
17305
17308
17309
17312
17313
17316
17317
17320
17321
17324
17325
17328
17329
17332
17333
17336
17337
17340
17341
17344
17345
17348
17349
17352
17353
17356
17357
17360
17361
17364
17365
17368
17369
17372
17373
17376
17377
17380
17381
17384
17385
17388
17389
17392
17393
17396
17397
17400
17401
17404
17405
17408
17409
17412
17413
17416
17417
17420
17421
17424
17425
17428
17429
17432
17433
17436
17437
17440
17441
17444
17445
17448
17449
17452
17453
17456
17457
17460
17461
17464
17465
17468
17469
17472
17473
17476
17477
17480
17481
17484
17485
17488
17489
17492
17493
17496
17497
17500
17501
17504
17505
17508
17509
17512
17513
17516
17517
17520
17521
17524
17525
17528
17529
17532
17533
17536
17537
17540
17541
17544
17545
17548
17549
17552
17553
17556
17557
17560
17561
17564
17565
17568
17569
17572
17573
17576
17577
17580
17581
17584
17585
17588
17589
17592
17593
17596
17597
17600
17601
17604
17605
17608
17609
17612
17613
17616
17617
17620
17621
17624
17625
17628
17629
17632
17633
17636
17637
17640
17641
17644
17645
17648
17649
17652
17653
17656
17657
17660
17661
17664
17665
17668
17669
17672
17673
17676
17677
17680
17681
17684
17685
17688
17689
17692
17693
17696
17697
17700
17701
17704
17705
17708
17709
17712
17713
17716
17717
17720
17721
17724
17725
17728
17729
17732
17733
17736
17737
17740
17741
17744
17745
17748
17749
17752
17753
17756
17757
17760
17761
17764
17765
17768
17769
17772
17773
17776
17777
17780
17781
17784
17785
17788
17789
17792
17793
17796
17797
17800
17801
17804
17805
17808
17809
17812
17813
17816
17817
17820
17821
17824
17825
17828
17829
17832
17833
17836
17837
17840
17841
17844
17845
17848
17849
17852
17853
17856
17857
17860
17861
17864
17865
17868
17869
17872
17873
17876
17877
17880
17881
17884
17885
17888
17889
17892
17893
17896
17897
17900
17901
17904
17905
17908
17909
17912
17913
17916
17917
17920
17921
17924
17925
17928
17929
17932
17933
17936
17937
17940
17941
17944
17945
17948
17949
17952
17953
17956
17957
17960
17961
17964
17965
17968
17969
17972
17973
17976
17977
17980
17981
17984
17985
17988
17989
17992
17993
17996
17997
18000
18001
18004
18005
18008
18009
18012
18013
18016
18017
18020
18021
18024
18025
18028
18029
18032
18033
18036
18037
18040
18041
18044
18045
18048
18049
18052
18053
18056
18057
18060
18061
18064
18065
18068
18069
18072
18073
18076
18077
18080
18081
18084
18085
18088
18089
18092
18093
18096
18097
18100
18101
18104
18105
18108
18109
18112
18113
18116
18117
18120
18121
18124
18125
18128
18129
18132
18133
18136
18137
18140
18141
18144
18145
18148
18149
18152
18153
18156
18157
18160
18161
18164
18165
18168
18169
18172
18173
18176
18177
18180
18181
18184
18185
18188
18189
18192
18193
18196
18197
18200
18201
18204
18205
18208
18209
18212
18213
18216
18217
18220
18221
18224
18225
18228
18229
18232
18233
18236
18237
18240
18241
18244
18245
18248
18249
18252
18253
18256
18257
18260
18261
18264
18265
18268
18269
18272
18273
18276
18277
18280
18281
18284
18285
18288
18289
18292
18293
18296
18297
18300
18301
18304
18305
18308
18309
18312
18313
18316
18317
18320
18321
18324
18325
18328
18329
18332
18333
18336
18337
18340
18341
18344
18345
18348
18349
18352
18353
18356
18357
18360
18361
18364
18365
18368
18369
18372
18373
18376
18377
18380
18381
18384
18385
18388
18389
18392
18393
18396
18397
18400
18401
18404
18405
18408
18409
18412
18413
18416
18417
18420
18421
18424
18425
18428
18429
18432
18433
18436
18437
18440
18441
18444
18445
18448
18449
18452
18453
18456
18457
18460
18461
18464
18465
18468
18469
18472
18473
18476
18477
18480
18481
18484
18485
18488
18489
18492
18493
18496
18497
18500
18501
18504
18505
18508
18509
18512
18513
18516
18517
18520
18521
18524
18525
18528
18529
18532
18533
18536
18537
18540
18541
18544
18545
18548
18549
18552
18553
18556
18557
18560
18561
18564
18565
18568
18569
18572
18573
18576
18577
18580
18581
18584
18585
18588
18589
18592
18593
18596
18597
18600
18601
18604
18605
18608
18609
18612
18613
18616
18617
18620
18621
18624
18625
18628
18629
18632
18633
18636
18637
18640
18641
18644
18645
18648
18649
18652
18653
18656
18657
18660
18661
18664
18665
18668
18669
18672
18673
18676
18677
18680
18681
18684
18685
18688
18689
18692
18693
18696
18697
18700
18701
18704
18705
18708
18709
18712
18713
18716
18717
18720
18721
18724
18725
18728
18729
18732
18733
18736
18737
18740
18741
18744
18745
18748
18749
18752
18753
18756
18757
18760
18761
18764
18765
18768
18769
18772
18773
18776
18777
18780
18781
18784
18785
18788
18789
18792
18793
18796
18797
18800
18801
18804
18805
18808
18809
18812
18813
18816
18817
18820
18821
18824
18825
18828
18829
18832
18833
18836
18837
18840
18841
18844
18845
18848
18849
18852
18853
18856
18857
18860
18861
18864
18865
18868
18869
18872
18873
18876
18877
18880
18881
18884
18885
18888
18889
18892
18893
18896
18897
18900
18901
18904
18905
18908
18909
18912
18913
18916
18917
18920
18921
18924
18925
18928
18929
18932
18933
18936
18937
18940
18941
18944
18945
18948
18949
18952
18953
18956
18957
18960
18961
18964
18965
18968
18969
18972
18973
18976
18977
18980
18981
18984
18985
18988
18989
18992
18993
18996
18997
19000
19001
19004
19005
19008
19009
19012
19013
19016
19017
19020
19021
19024
19025
19028
19029
19032
19033
19036
19037
19040
19041
19044
19045
19048
19049
19052
19053
19056
19057
19060
19061
19064
19065
19068
19069
19072
19073
19076
19077
19080
19081
19084
19085
19088
19089
19092
19093
19096
19097
19100
19101
19104
19105
19108
19109
19112
19113
19116
19117
19120
19121
19124
19125
19128
19129
19132
19133
19136
19137
19140
19141
19144
19145
19148
19149
19152
19153
19156
19157
19160
19161
19164
19165
19168
19169
19172
19173
19176
19177
19180
19181
19184
19185
19188
19189
19192
19193
19196
19197
19200
19201
19204
19205
19208
19209
19212
19213
19216
19217
19220
19221
19224
19225
19228
19229
19232
19233
19236
19237
19240
19241
19244
19245
19248
19249
19252
19253
19256
19257
19260
19261
19264
19265
19268
19269
19272
19273
19276
19277
19280
19281
19284
19285
19288
19289
19292
19293
19296
19297
19300
19301
19304
19305
19308
19309
19312
19313
19316
19317
19320
19321
19324
19325
19328
19329
19332
19333
19336
19337
19340
19341
19344
19345
19348
19349
19352
19353
19356
19357
19360
19361
19364
19365
19368
19369
19372
19373
19376
19377
19380
19381
19384
19385
19388
19389
19392
19393
19396
19397
19400
19401
19404
19405
19408
19409
19412
19413
19416
19417
19420
19421
19424
19425
19428
19429
19432
19433
19436
19437
19440
19441
19444
19445
19448
19449
19452
19453
19456
19457
19460
19461
19464
19465
19468
19469
19472
19473
19476
19477
19480
19481
19484
19485
19488
19489
19492
19493
19496
19497
19500
19501
19504
19505
19508
19509
19512
19513
19516
19517
19520
19521
19524
19525
19528
19529
19532
19533
19536
19537
19540
19541
19544
19545
19548
19549
19552
19553
19556
19557
19560
19561
19564
19565
19568
19569
19572
19573
19576
19577
19580
19581
19584
19585
19588
19589
19592
19593
19596
19597
19600
19601
19604
19605
19608
19609
19612
19613
19616
19617
19620
19621
19624
19625
19628
19629
19632
19633
19636
19637
19640
19641
19644
19645
19648
19649
19652
19653
19656
19657
19660
19661
19664
19665
19668
19669
19672
19673
19676
19677
19680
19681
19684
19685
19688
19689
19692
19693
19696
19697
19700
19701
19704
19705
19708
19709
19712
19713
19716
19717
19720
19721
19724
19725
19728
19729
19732
19733
19736
19737
19740
19741
19744
19745
19748
19749
19752
19753
19756
19757
19760
19761
19764
19765
19768
19769
19772
19773
19776
19777
19780
19781
19784
19785
19788
19789
19792
19793
19796
19797
19800
19801
19804
19805
19808
19809
19812
19813
19816
19817
19820
19821
19824
19825
19828
19829
19832
19833
19836
19837
19840
19841
19844
19845
19848
19849
19852
19853
19856
19857
19860
19861
19864
19865
19868
19869
19872
19873
19876
19877
19880
19881
19884
19885
19888
19889
19892
19893
19896
19897
19900
19901
19904
19905
19908
19909
19912
19913
19916
19917
19920
19921
19924
19925
19928
19929
19932
19933
19936
19937
19940
19941
19944
19945
19948
19949
19952
19953
19956
19957
19960
19961
19964
19965
19968
19969
19972
19973
19976
19977
19980
19981
19984
19985
19988
19989
19992
19993
19996
19997
20000
20001
20004
20005
20008
20009
20012
20013
20016
20017
20020
20021
20024
20025
20028
20029
20032
20033
20036
20037
20040
20041
20044
20045
20048
20049
20052
20053
20056
20057
20060
20061
20064
20065
20068
20069
20072
20073
20076
20077
20080
20081
20084
20085
20088
20089
20092
20093
20096
20097
20100
20101
20104
20105
20108
20109
20112
20113
20116
20117
20120
20121
20124
20125
20128
20129
20132
20133
20136
20137
20140
20141
20144
20145
20148
20149
20152
20153
20156
20157
20160
20161
20164
20165
20168
20169
20172
20173
20176
20177
20180
20181
20184
20185
20188
20189
20192
20193
20196
20197
20200
20201
20204
20205
20208
20209
20212
20213
20216
20217
20220
20221
20224
20225
20228
20229
20232
20233
20236
20237
20240
20241
20244
20245
20248
20249
20252
20253
20256
20257
20260
20261
20264
20265
20268
20269
20272
20273
20276
20277
20280
20281
20284
20285
20288
20289
20292
20293
20296
20297
20300
20301
20304
20305
20308
20309
20312
20313
20316
20317
20320
20321
20324
20325
20328
20329
20332
20333
20336
20337
20340
20341
20344
20345
20348
20349
20352
20353
20356
20357
20360
20361
20364
20365
20368
20369
20372
20373
20376
20377
20380
20381
20384
20385
20388
20389
20392
20393
20396
20397
20400
20401
20404
20405
20408
20409
20412
20413
20416
20417
20420
20421
20424
20425
20428
20429
20432
20433
20436
20437
20440
20441
20444
20445
20448
20449
20452
20453
20456
20457
20460
20461
20464
20465
20468
20469
20472
20473
20476
20477
20480
20481
20484
20485
20488
20489
20492
20493
20496
20497
20500
20501
20504
20505
20508
20509
20512
20513
20516
20517
20520
20521
20524
20525
20528
20529
20532
20533
20536
20537
20540
20541
20544
20545
20548
20549
20552
20553
20556
20557
20560
20561
20564
20565
20568
20569
20572
20573
20576
20577
20580
20581
20584
20585
20588
20589
20592
20593
20596
20597
20600
20601
20604
20605
20608
20609
20612
20613
20616
20617
20620
20621
20624
20625
20628
20629
20632
20633
20636
20637
20640
20641
20644
20645
20648
20649
20652
20653
20656
20657
20660
20661
20664
20665
20668
20669
20672
20673
20676
20677
20680
20681
20684
20685
20688
20689
20692
20693
20696
20697
20700
20701
20704
20705
20708
20709
20712
20713
20716
20717
20720
20721
20724
20725
20728
20729
20732
20733
20736
20737
20740
20741
20744
20745
20748
20749
20752
20753
20756
20757
20760
20761
20764
20765
20768
20769
20772
20773
20776
20777
20780
20781
20784
20785
20788
20789
20792
20793
20796
20797
20800
20801
20804
20805
20808
20809
20812
20813
20816
20817
20820
20821
20824
20825
20828
20829
20832
20833
20836
20837
20840
20841
20844
20845
20848
20849
20852
20853
20856
20857
20860
20861
20864
20865
20868
20869
20872
20873
20876
20877
20880
20881
20884
20885
20888
20889
20892
20893
20896
20897
20900
20901
20904
20905
20908
20909
20912
20913
20916
20917
20920
20921
20924
20925
20928
20929
20932
20933
20936
20937
20940
20941
20944
20945
20948
20949
20952
20953
20956
20957
20960
20961
20964
20965
20968
20969
20972
20973
20976
20977
20980
20981
20984
20985
20988
20989
20992
20993
20996
20997
21000
21001
21004
21005
21008
21009
21012
21013
21016
21017
21020
21021
21024
21025
21028
21029
21032
21033
21036
21037
21040
21041
21044
21045
21048
21049
21052
21053
21056
21057
21060
21061
21064
21065
21068
21069
21072
21073
21076
21077
21080
21081
21084
21085
21088
21089
21092
21093
21096
21097
21100
21101
21104
21105
21108
21109
21112
21113
21116
21117
21120
21121
21124
21125
21128
21129
21132
21133
21136
21137
21140
21141
21144
21145
21148
21149
21152
21153
21156
21157
21160
21161
21164
21165
21168
21169
21172
21173
21176
21177
21180
21181
21184
21185
21188
21189
21192
21193
21196
21197
21200
21201
21204
21205
21208
21209
21212
21213
21216
21217
21220
21221
21224
21225
21228
21229
21232
21233
21236
21237
21240
21241
21244
21245
21248
21249
21252
21253
21256
21257
21260
21261
21264
21265
21268
21269
21272
21273
21276
21277
21280
21281
21284
21285
21288
21289
21292
21293
21296
21297
21300
21301
21304
21305
21308
21309
21312
21313
21316
21317
21320
21321
21324
21325
21328
21329
21332
21333
21336
21337
21340
21341
21344
21345
21348
21349
21352
21353
21356
21357
21360
21361
21364
21365
21368
21369
21372
21373
21376
21377
21380
21381
21384
21385
21388
21389
21392
21393
21396
21397
21400
21401
21404
21405
21408
21409
21412
21413
21416
21417
21420
21421
21424
21425
21428
21429
21432
21433
21436
21437
21440
21441
21444
21445
21448
21449
21452
21453
21456
21457
21460
21461
21464
21465
21468
21469
21472
21473
21476
21477
21480
21481
21484
21485
21488
21489
21492
21493
21496
21497
21500
21501
21504
21505
21508
21509
21512
21513
21516
21517
21520
21521
21524
21525
21528
21529
21532
21533
21536
21537
21540
21541
21544
21545
21548
21549
21552
21553
21556
21557
21560
21561
21564
21565
21568
21569
21572
21573
21576
21577
21580
21581
21584
21585
21588
21589
21592
21593
21596
21597
21600
21601
21602
21603
21604
21605
21612
21613
21614
21618
21619
21620
21624
21625
21626
21630
21631
21632
21636
21637
21638
21642
21643
21644
21645
21646
21647
21648
21649
21650
21660
21661
21662
21663
21664
21665
21672
21673
21674
21678
21679
21680
21684
21685
21686
21690
21691
21692
21696
21697
21698
21702
21703
21704
21705
21706
21707
21708
21709
21710
21720
21721
21722
21723
21724
21725
21732
21733
21734
21738
21739
21740
21744
21745
21746
21750
21751
21752
21756
21757
21758
21762
21763
21764
21765
21766
21767
21768
21769
21770
21780
21781
21782
21783
21784
21785
21792
21793
21794
21798
21799
21800
21804
21805
21806
21810
21811
21812
21816
21817
21818
21822
21823
21824
21825
21826
21827
21828
21829
21830
21840
21841
21842
21843
21844
21845
21852
21853
21854
21858
21859
21860
21864
21865
21866
21870
21871
21872
21876
21877
21878
21882
21883
21884
21885
21886
21887
21888
21889
21890
21900
21901
21902
21903
21904
21905
21912
21913
21914
21918
21919
21920
21924
21925
21926
21930
21931
21932
21936
21937
21938
21942
21943
21944
21945
21946
21947
21948
21949
21950
21960
21961
21962
21963
21964
21965
21972
21973
21974
21978
21979
21980
21984
21985
21986
21990
21991
21992
21996
21997
21998
22002
22003
22004
22005
22006
22007
22008
22009
22010
22020
22021
22022
22023
22024
22025
22032
22033
22034
22038
22039
22040
22044
22045
22046
22050
22051
22052
22056
22057
22058
22062
22063
22064
22065
22066
22067
22068
22069
22070
22080
22081
22082
22083
22084
22085
22092
22093
22094
22098
22099
22100
22104
22105
22106
22110
22111
22112
22116
22117
22118
22122
22123
22124
22125
22126
22127
22128
22129
22130
22140
22141
22142
22143
22144
22145
22152
22153
22154
22158
22159
22160
22164
22165
22166
22170
22171
22172
22176
22177
22178
22182
22183
22184
22185
22186
22187
22188
22189
22190
22200
22201
22202
22203
22204
22205
22212
22213
22214
22218
22219
22220
22224
22225
22226
22230
22231
22232
22236
22237
22238
22242
22243
22244
22245
22246
22247
22248
22249
22250
22260
22261
22262
22263
22264
22265
22272
22273
22274
22278
22279
22280
22284
22285
22286
22290
22291
22292
22296
22297
22298
22302
22303
22304
22305
22306
22307
22308
22309
22310
22320
22321
22322
22323
22324
22325
22332
22333
22334
22338
22339
22340
22344
22345
22346
22350
22351
22352
22356
22357
22358
22362
22363
22364
22365
22366
22367
22368
22369
22370
22380
22381
22382
22383
22384
22385
22392
22393
22394
22398
22399
22400
22404
22405
22406
22410
22411
22412
22416
22417
22418
22422
22423
22424
22425
22426
22427
22428
22429
22430
22440
22441
22442
22443
22444
22445
22452
22453
22454
22458
22459
22460
22464
22465
22466
22470
22471
22472
22476
22477
22478
22482
22483
22484
22485
22486
22487
22488
22489
22490
22500
22501
22502
22503
22504
22505
22512
22513
22514
22518
22519
22520
22524
22525
22526
22530
22531
22532
22536
22537
22538
22542
22543
22544
22545
22546
22547
22548
22549
22550
22560
22561
22562
22563
22564
22565
22572
22573
22574
22578
22579
22580
22584
22585
22586
22590
22591
22592
22596
22597
22598
22602
22603
22604
22605
22606
22607
22608
22609
22610
22620
22621
22622
22623
22624
22625
22632
22633
22634
22638
22639
22640
22644
22645
22646
22650
22651
22652
22656
22657
22658
22662
22663
22664
22665
22666
22667
22668
22669
22670
22680
22681
22682
22683
22684
22685
22692
22693
22694
22698
22699
22700
22704
22705
22706
22710
22711
22712
22716
22717
22718
22722
22723
22724
22725
22726
22727
22728
22729
22730
22740
22741
22742
22743
22744
22745
22752
22753
22754
22758
22759
22760
22764
22765
22766
22770
22771
22772
22776
22777
22778
22782
22783
22784
22785
22786
22787
22788
22789
22790
22800
22801
22802
22803
22804
22805
22812
22813
22814
22818
22819
22820
22824
22825
22826
22830
22831
22832
22836
22837
22838
22842
22843
22844
22845
22846
22847
22848
22849
22850
22860
22861
22862
22863
22864
22865
22872
22873
22874
22878
22879
22880
22884
22885
22886
22890
22891
22892
22896
22897
22898
22902
22903
22904
22905
22906
22907
22908
22909
22910
22920
22921
22922
22923
22924
22925
22932
22933
22934
22938
22939
22940
22944
22945
22946
22950
22951
22952
22956
22957
22958
22962
22963
22964
22965
22966
22967
22968
22969
22970
22980
22981
22982
22983
22984
22985
22992
22993
22994
22998
22999
23000
23004
23005
23006
23010
23011
23012
23016
23017
23018
23022
23023
23024
23025
23026
23027
23028
23029
23030
23040
23041
23042
23043
23044
23045
23052
23053
23054
23058
23059
23060
23064
23065
23066
23070
23071
23072
23076
23077
23078
23082
23083
23084
23085
23086
23087
23088
23089
23090
23100
23101
23102
23103
23104
23105
23112
23113
23114
23118
23119
23120
23124
23125
23126
23130
23131
23132
23136
23137
23138
23142
23143
23144
23145
23146
23147
23148
23149
23150
23160
23161
23162
23163
23164
23165
23172
23173
23174
23178
23179
23180
23184
23185
23186
23190
23191
23192
23196
23197
23198
23202
23203
23204
23205
23206
23207
23208
23209
23210
23220
23221
23222
23223
23224
23225
23232
23233
23234
23238
23239
23240
23244
23245
23246
23250
23251
23252
23256
23257
23258
23262
23263
23264
23265
23266
23267
23268
23269
23270
23280
23281
23282
23283
23284
23285
23292
23293
23294
23298
23299
23300
23304
23305
23306
23310
23311
23312
23316
23317
23318
23322
23323
23324
23325
23326
23327
23328
23329
23330
23340
23341
23342
23343
23344
23345
23352
23353
23354
23358
23359
23360
23364
23365
23366
23370
23371
23372
23376
23377
23378
23382
23383
23384
23385
23386
23387
23388
23389
23390
23400
23401
23402
23403
23404
23405
23412
23413
23414
23418
23419
23420
23424
23425
23426
23430
23431
23432
23436
23437
23438
23442
23443
23444
23445
23446
23447
23448
23449
23450
23460
23461
23462
23463
23464
23465
23472
23473
23474
23478
23479
23480
23484
23485
23486
23490
23491
23492
23496
23497
23498
23502
23503
23504
23505
23506
23507
23508
23509
23510
23520
23521
23522
23523
23524
23525
23532
23533
23534
23538
23539
23540
23544
23545
23546
23550
23551
23552
23556
23557
23558
23562
23563
23564
23565
23566
23567
23568
23569
23570
23580
23581
23582
23583
23584
23585
23592
23593
23594
23598
23599
23600
23604
23605
23606
23610
23611
23612
23616
23617
23618
23622
23623
23624
23625
23626
23627
23628
23629
23630
23640
23641
23642
23643
23644
23645
23652
23653
23654
23658
23659
23660
23664
23665
23666
23670
23671
23672
23676
23677
23678
23682
23683
23684
23685
23686
23687
23688
23689
23690
23700
23701
23702
23703
23704
23705
23712
23713
23714
23718
23719
23720
23724
23725
23726
23730
23731
23732
23736
23737
23738
23742
23743
23744
23745
23746
23747
23748
23749
23750
23760
23761
23762
23763
23764
23765
23772
23773
23774
23778
23779
23780
23784
23785
23786
23790
23791
23792
23796
23797
23798
23802
23803
23804
23805
23806
23807
23808
23809
23810
23820
23821
23822
23823
23824
23825
23832
23833
23834
23838
23839
23840
23844
23845
23846
23850
23851
23852
23856
23857
23858
23862
23863
23864
23865
23866
23867
23868
23869
23870
23880
23881
23882
23883
23884
23885
23892
23893
23894
23898
23899
23900
23904
23905
23906
23910
23911
23912
23916
23917
23918
23922
23923
23924
23925
23926
23927
23928
23929
23930
23940
23941
23942
23943
23944
23945
23952
23953
23954
23958
23959
23960
23964
23965
23966
23970
23971
23972
23976
23977
23978
23982
23983
23984
23985
23986
23987
23988
23989
23990
24000
24001
24002
24003
24004
24005
24012
24013
24014
24018
24019
24020
24024
24025
24026
24030
24031
24032
24036
24037
24038
24042
24043
24044
24045
24046
24047
24048
24049
24050
24060
24061
24062
24063
24064
24065
24072
24073
24074
24078
24079
24080
24084
24085
24086
24090
24091
24092
24096
24097
24098
24102
24103
24104
24105
24106
24107
24108
24109
24110
24120
24121
24122
24123
24124
24125
24132
24133
24134
24138
24139
24140
24144
24145
24146
24150
24151
24152
24156
24157
24158
24162
24163
24164
24165
24166
24167
24168
24169
24170
24180
24181
24182
24183
24184
24185
24192
24193
24194
24198
24199
24200
24204
24205
24206
24210
24211
24212
24216
24217
24218
24222
24223
24224
24225
24226
24227
24228
24229
24230
24240
24241
24242
24243
24244
24245
24252
24253
24254
24258
24259
24260
24264
24265
24266
24270
24271
24272
24276
24277
24278
24282
24283
24284
24285
24286
24287
24288
24289
24290
24300
24301
24302
24303
24304
24305
24312
24313
24314
24318
24319
24320
24324
24325
24326
24330
24331
24332
24336
24337
24338
24342
24343
24344
24345
24346
24347
24348
24349
24350
24360
24361
24362
24363
24364
24365
24372
24373
24374
24378
24379
24380
24384
24385
24386
24390
24391
24392
24396
24397
24398
24402
24403
24404
24405
24406
24407
24408
24409
24410
24420
24421
24422
24423
24424
24425
24432
24433
24434
24438
24439
24440
24444
24445
24446
24450
24451
24452
24456
24457
24458
24462
24463
24464
24465
24466
24467
24468
24469
24470
24480
24481
24482
24483
24484
24485
24492
24493
24494
24498
24499
24500
24504
24505
24506
24510
24511
24512
24516
24517
24518
24522
24523
24524
24525
24526
24527
24528
24529
24530
24540
24541
24542
24543
24544
24545
24552
24553
24554
24558
24559
24560
24564
24565
24566
24570
24571
24572
24576
24577
24578
24582
24583
24584
24585
24586
24587
24588
24589
24590
24600
24601
24602
24603
24604
24605
24612
24613
24614
24618
24619
24620
24624
24625
24626
24630
24631
24632
24636
24637
24638
24642
24643
24644
24645
24646
24647
24648
24649
24650
24660
24661
24662
24663
24664
24665
24672
24673
24674
24678
24679
24680
24684
24685
24686
24690
24691
24692
24696
24697
24698
24702
24703
24704
24705
24706
24707
24708
24709
24710
24720
24721
24722
24723
24724
24725
24732
24733
24734
24738
24739
24740
24744
24745
24746
24750
24751
24752
24756
24757
24758
24762
24763
24764
24765
24766
24767
24768
24769
24770
24780
24781
24782
24783
24784
24785
24792
24793
24794
24798
24799
24800
24804
24805
24806
24810
24811
24812
24816
24817
24818
24822
24823
24824
24825
24826
24827
24828
24829
24830
24840
24841
24842
24843
24844
24845
24852
24853
24854
24858
24859
24860
24864
24865
24866
24870
24871
24872
24876
24877
24878
24882
24883
24884
24885
24886
24887
24888
24889
24890
24900
24901
24902
24903
24904
24905
24912
24913
24914
24918
24919
24920
24924
24925
24926
24930
24931
24932
24936
24937
24938
24942
24943
24944
24945
24946
24947
24948
24949
24950
24960
24961
24962
24963
24964
24965
24972
24973
24974
24978
24979
24980
24984
24985
24986
24990
24991
24992
24996
24997
24998
25002
25003
25004
25005
25006
25007
25008
25009
25010
25020
25021
25022
25023
25024
25025
25032
25033
25034
25038
25039
25040
25044
25045
25046
25050
25051
25052
25056
25057
25058
25062
25063
25064
25065
25066
25067
25068
25069
25070
25080
25081
25082
25083
25084
25085
25092
25093
25094
25098
25099
25100
25104
25105
25106
25110
25111
25112
25116
25117
25118
25122
25123
25124
25125
25126
25127
25128
25129
25130
25140
25141
25142
25143
25144
25145
25152
25153
25154
25158
25159
25160
25164
25165
25166
25170
25171
25172
25176
25177
25178
25182
25183
25184
25185
25186
25187
25188
25189
25190
25200
25201
25202
25203
25204
25205
25212
25213
25214
25218
25219
25220
25224
25225
25226
25230
25231
25232
25236
25237
25238
25242
25243
25244
25245
25246
25247
25248
25249
25250
25260
25261
25262
25263
25264
25265
25272
25273
25274
25278
25279
25280
25284
25285
25286
25290
25291
25292
25296
25297
25298
25302
25303
25304
25305
25306
25307
25308
25309
25310
25320
25321
25322
25323
25324
25325
25332
25333
25334
25338
25339
25340
25344
25345
25346
25350
25351
25352
25356
25357
25358
25362
25363
25364
25365
25366
25367
25368
25369
25370
25380
25381
25382
25383
25384
25385
25392
25393
25394
25398
25399
25400
25404
25405
25406
25410
25411
25412
25416
25417
25418
25422
25423
25424
25425
25426
25427
25428
25429
25430
25440
25441
25442
25443
25444
25445
25452
25453
25454
25458
25459
25460
25464
25465
25466
25470
25471
25472
25476
25477
25478
25482
25483
25484
25485
25486
25487
25488
25489
25490
25500
25501
25502
25503
25504
25505
25512
25513
25514
25518
25519
25520
25524
25525
25526
25530
25531
25532
25536
25537
25538
25542
25543
25544
25545
25546
25547
25548
25549
25550
25560
25561
25562
25563
25564
25565
25572
25573
25574
25578
25579
25580
25584
25585
25586
25590
25591
25592
25596
25597
25598
25602
25603
25604
25605
25606
25607
25608
25609
25610
25620
25621
25622
25623
25624
25625
25632
25633
25634
25638
25639
25640
25644
25645
25646
25650
25651
25652
25656
25657
25658
25662
25663
25664
25665
25666
25667
25668
25669
25670
25680
25681
25682
25683
25684
25685
25692
25693
25694
25698
25699
25700
25704
25705
25706
25710
25711
25712
25716
25717
25718
25722
25723
25724
25725
25726
25727
25728
25729
25730
25740
25741
25742
25743
25744
25745
25752
25753
25754
25758
25759
25760
25764
25765
25766
25770
25771
25772
25776
25777
25778
25782
25783
25784
25785
25786
25787
25788
25789
25790
25800
25801
25802
25803
25804
25805
25812
25813
25814
25818
25819
25820
25824
25825
25826
25830
25831
25832
25836
25837
25838
25842
25843
25844
25845
25846
25847
25848
25849
25850
25860
25861
25862
25863
25864
25865
25872
25873
25874
25878
25879
25880
25884
25885
25886
25890
25891
25892
25896
25897
25898
25902
25903
25904
25905
25906
25907
25908
25909
25910
25920
25921
25922
25923
25924
25925
25932
25933
25934
25938
25939
25940
25944
25945
25946
25950
25951
25952
25956
25957
25958
25962
25963
25964
25965
25966
25967
25968
25969
25970
25980
25981
25982
25983
25984
25985
25992
25993
25994
25998
25999
26000
26004
26005
26006
26010
26011
26012
26016
26017
26018
26022
26023
26024
26025
26026
26027
26028
26029
26030
26040
26041
26042
26043
26044
26045
26052
26053
26054
26058
26059
26060
26064
26065
26066
26070
26071
26072
26076
26077
26078
26082
26083
26084
26085
26086
26087
26088
26089
26090
26100
26101
26102
26103
26104
26105
26112
26113
26114
26118
26119
26120
26124
26125
26126
26130
26131
26132
26136
26137
26138
26142
26143
26144
26145
26146
26147
26148
26149
26150
26160
26161
26162
26163
26164
26165
26172
26173
26174
26178
26179
26180
26184
26185
26186
26190
26191
26192
26196
26197
26198
26202
26203
26204
26205
26206
26207
26208
26209
26210
26220
26221
26222
26223
26224
26225
26232
26233
26234
26238
26239
26240
26244
26245
26246
26250
26251
26252
26256
26257
26258
26262
26263
26264
26265
26266
26267
26268
26269
26270
26280
26281
26282
26283
26284
26285
26292
26293
26294
26298
26299
26300
26304
26305
26306
26310
26311
26312
26316
26317
26318
26322
26323
26324
26325
26326
26327
26328
26329
26330
26340
26341
26342
26343
26344
26345
26352
26353
26354
26358
26359
26360
26364
26365
26366
26370
26371
26372
26376
26377
26378
26382
26383
26384
26385
26386
26387
26388
26389
26390
26400
26401
26402
26403
26404
26405
26412
26413
26414
26418
26419
26420
26424
26425
26426
26430
26431
26432
26436
26437
26438
26442
26443
26444
26445
26446
26447
26448
26449
26450
26460
26461
26462
26463
26464
26465
26472
26473
26474
26478
26479
26480
26484
26485
26486
26490
26491
26492
26496
26497
26498
26502
26503
26504
26505
26506
26507
26508
26509
26510
26520
26521
26522
26523
26524
26525
26532
26533
26534
26538
26539
26540
26544
26545
26546
26550
26551
26552
26556
26557
26558
26562
26563
26564
26565
26566
26567
26568
26569
26570
26580
26581
26582
26583
26584
26585
26592
26593
26594
26598
26599
26600
26604
26605
26606
26610
26611
26612
26616
26617
26618
26622
26623
26624
26625
26626
26627
26628
26629
26630
26640
26641
26642
26643
26644
26645
26652
26653
26654
26658
26659
26660
26664
26665
26666
26670
26671
26672
26676
26677
26678
26682
26683
26684
26685
26686
26687
26688
26689
26690
26700
26701
26702
26703
26704
26705
26712
26713
26714
26718
26719
26720
26724
26725
26726
26730
26731
26732
26736
26737
26738
26742
26743
26744
26745
26746
26747
26748
26749
26750
26760
26761
26762
26763
26764
26765
26772
26773
26774
26778
26779
26780
26784
26785
26786
26790
26791
26792
26796
26797
26798
26802
26803
26804
26805
26806
26807
26808
26809
26810
26820
26821
26822
26823
26824
26825
26832
26833
26834
26838
26839
26840
26844
26845
26846
26850
26851
26852
26856
26857
26858
26862
26863
26864
26865
26866
26867
26868
26869
26870
26880
26881
26882
26883
26884
26885
26892
26893
26894
26898
26899
26900
26904
26905
26906
26910
26911
26912
26916
26917
26918
26922
26923
26924
26925
26926
26927
26928
26929
26930
26940
26941
26942
26943
26944
26945
26952
26953
26954
26958
26959
26960
26964
26965
26966
26970
26971
26972
26976
26977
26978
26982
26983
26984
26985
26986
26987
26988
26989
26990
27000
27001
27002
27003
27004
27005
27012
27013
27014
27018
27019
27020
27024
27025
27026
27030
27031
27032
27036
27037
27038
27042
27043
27044
27045
27046
27047
27048
27049
27050
27060
27061
27062
27063
27064
27065
27072
27073
27074
27078
27079
27080
27084
27085
27086
27090
27091
27092
27096
27097
27098
27102
27103
27104
27105
27106
27107
27108
27109
27110
27120
27121
27122
27123
27124
27125
27132
27133
27134
27138
27139
27140
27144
27145
27146
27150
27151
27152
27156
27157
27158
27162
27163
27164
27165
27166
27167
27168
27169
27170
27180
27181
27182
27183
27184
27185
27192
27193
27194
27198
27199
27200
27204
27205
27206
27210
27211
27212
27216
27217
27218
27222
27223
27224
27225
27226
27227
27228
27229
27230
27240
27241
27242
27243
27244
27245
27252
27253
27254
27258
27259
27260
27264
27265
27266
27270
27271
27272
27276
27277
27278
27282
27283
27284
27285
27286
27287
27288
27289
27290
27300
27301
27302
27303
27304
27305
27312
27313
27314
27318
27319
27320
27324
27325
27326
27330
27331
27332
27336
27337
27338
27342
27343
27344
27345
27346
27347
27348
27349
27350
27360
27361
27362
27363
27364
27365
27372
27373
27374
27378
27379
27380
27384
27385
27386
27390
27391
27392
27396
27397
27398
27402
27403
27404
27405
27406
27407
27408
27409
27410
27420
27421
27422
27423
27424
27425
27432
27433
27434
27438
27439
27440
27444
27445
27446
27450
27451
27452
27456
27457
27458
27462
27463
27464
27465
27466
27467
27468
27469
27470
27480
27481
27482
27483
27484
27485
27492
27493
27494
27498
27499
27500
27504
27505
27506
27510
27511
27512
27516
27517
27518
27522
27523
27524
27525
27526
27527
27528
27529
27530
27540
27541
27542
27543
27544
27545
27552
27553
27554
27558
27559
27560
27564
27565
27566
27570
27571
27572
27576
27577
27578
27582
27583
27584
27585
27586
27587
27588
27589
27590
27600
27601
27602
27603
27604
27605
27612
27613
27614
27618
27619
27620
27624
27625
27626
27630
27631
27632
27636
27637
27638
27642
27643
27644
27645
27646
27647
27648
27649
27650
27660
27661
27662
27663
27664
27665
27672
27673
27674
27678
27679
27680
27684
27685
27686
27690
27691
27692
27696
27697
27698
27702
27703
27704
27705
27706
27707
27708
27709
27710
27720
27721
27722
27723
27724
27725
27732
27733
27734
27738
27739
27740
27744
27745
27746
27750
27751
27752
27756
27757
27758
27762
27763
27764
27765
27766
27767
27768
27769
27770
27780
27781
27782
27783
27784
27785
27792
27793
27794
27798
27799
27800
27804
27805
27806
27810
27811
27812
27816
27817
27818
27822
27823
27824
27825
27826
27827
27828
27829
27830
27840
27841
27842
27843
27844
27845
27852
27853
27854
27858
27859
27860
27864
27865
27866
27870
27871
27872
27876
27877
27878
27882
27883
27884
27885
27886
27887
27888
27889
27890
27900
27901
27902
27903
27904
27905
27912
27913
27914
27918
27919
27920
27924
27925
27926
27930
27931
27932
27936
27937
27938
27942
27943
27944
27945
27946
27947
27948
27949
27950
27960
27961
27962
27963
27964
27965
27972
27973
27974
27978
27979
27980
27984
27985
27986
27990
27991
27992
27996
27997
27998
28002
28003
28004
28005
28006
28007
28008
28009
28010
28020
28021
28022
28023
28024
28025
28032
28033
28034
28038
28039
28040
28044
28045
28046
28050
28051
28052
28056
28057
28058
28062
28063
28064
28065
28066
28067
28068
28069
28070
28080
28081
28082
28083
28084
28085
28092
28093
28094
28098
28099
28100
28104
28105
28106
28110
28111
28112
28116
28117
28118
28122
28123
28124
28125
28126
28127
28128
28129
28130
28140
28141
28142
28143
28144
28145
28152
28153
28154
28158
28159
28160
28164
28165
28166
28170
28171
28172
28176
28177
28178
28182
28183
28184
28185
28186
28187
28188
28189
28190
28200
28201
28202
28203
28204
28205
28212
28213
28214
28218
28219
28220
28224
28225
28226
28230
28231
28232
28236
28237
28238
28242
28243
28244
28245
28246
28247
28248
28249
28250
28260
28261
28262
28263
28264
28265
28272
28273
28274
28278
28279
28280
28284
28285
28286
28290
28291
28292
28296
28297
28298
28302
28303
28304
28305
28306
28307
28308
28309
28310
28320
28321
28322
28323
28324
28325
28332
28333
28334
28338
28339
28340
28344
28345
28346
28350
28351
28352
28356
28357
28358
28362
28363
28364
28365
28366
28367
28368
28369
28370
28380
28381
28382
28383
28384
28385
28392
28393
28394
28398
28399
28400
28404
28405
28406
28410
28411
28412
28416
28417
28418
28422
28423
28424
28425
28426
28427
28428
28429
28430
28440
28441
28442
28443
28444
28445
28452
28453
28454
28458
28459
28460
28464
28465
28466
28470
28471
28472
28476
28477
28478
28482
28483
28484
28485
28486
28487
28488
28489
28490
28500
28501
28502
28503
28504
28505
28512
28513
28514
28518
28519
28520
28524
28525
28526
28530
28531
28532
28536
28537
28538
28542
28543
28544
28545
28546
28547
28548
28549
28550
28560
28561
28562
28563
28564
28565
28572
28573
28574
28578
28579
28580
28584
28585
28586
28590
28591
28592
28596
28597
28598
28602
28603
28604
28605
28606
28607
28608
28609
28610
28620
28621
28622
28623
28624
28625
28632
28633
28634
28638
28639
28640
28644
28645
28646
28650
28651
28652
28656
28657
28658
28662
28663
28664
28665
28666
28667
28668
28669
28670
28680
28681
28682
28683
28684
28685
28692
28693
28694
28698
28699
28700
28704
28705
28706
28710
28711
28712
28716
28717
28718
28722
28723
28724
28725
28726
28727
28728
28729
28730
28740
28741
28742
28743
28744
28745
28752
28753
28754
28758
28759
28760
28764
28765
28766
28770
28771
28772
28776
28777
28778
28782
28783
28784
28785
28786
28787
28788
28789
28790
28800
28801
28802
28803
28804
28805
28812
28813
28814
28818
28819
28820
28824
28825
28826
28830
28831
28832
28836
28837
28838
28842
28843
28844
28845
28846
28847
28848
28849
28850
28860
28861
28862
28863
28864
28865
28872
28873
28874
28878
28879
28880
28884
28885
28886
28890
28891
28892
28896
28897
28898
28902
28903
28904
28905
28906
28907
28908
28909
28910
28920
28921
28922
28923
28924
28925
28932
28933
28934
28938
28939
28940
28944
28945
28946
28950
28951
28952
28956
28957
28958
28962
28963
28964
28965
28966
28967
28968
28969
28970
28980
28981
28982
28983
28984
28985
28992
28993
28994
28998
28999
29000
29004
29005
29006
29010
29011
29012
29016
29017
29018
29022
29023
29024
29025
29026
29027
29028
29029
29030
29040
29041
29042
29043
29044
29045
29052
29053
29054
29058
29059
29060
29064
29065
29066
29070
29071
29072
29076
29077
29078
29082
29083
29084
29085
29086
29087
29088
29089
29090
29100
29101
29102
29103
29104
29105
29112
29113
29114
29118
29119
29120
29124
29125
29126
29130
29131
29132
29136
29137
29138
29142
29143
29144
29145
29146
29147
29148
29149
29150
29160
29161
29162
29163
29164
29165
29172
29173
29174
29178
29179
29180
29184
29185
29186
29190
29191
29192
29196
29197
29198
29202
29203
29204
29205
29206
29207
29208
29209
29210
29220
29221
29222
29223
29224
29225
29232
29233
29234
29238
29239
29240
29244
29245
29246
29250
29251
29252
29256
29257
29258
29262
29263
29264
29265
29266
29267
29268
29269
29270
29280
29281
29282
29283
29284
29285
29292
29293
29294
29298
29299
29300
29304
29305
29306
29310
29311
29312
29316
29317
29318
29322
29323
29324
29325
29326
29327
29328
29329
29330
29340
29341
29342
29343
29344
29345
29352
29353
29354
29358
29359
29360
29364
29365
29366
29370
29371
29372
29376
29377
29378
29382
29383
29384
29385
29386
29387
29388
29389
29390
29400
29401
29402
29403
29404
29405
29412
29413
29414
29418
29419
29420
29424
29425
29426
29430
29431
29432
29436
29437
29438
29442
29443
29444
29445
29446
29447
29448
29449
29450
29460
29461
29462
29463
29464
29465
29472
29473
29474
29478
29479
29480
29484
29485
29486
29490
29491
29492
29496
29497
29498
29502
29503
29504
29505
29506
29507
29508
29509
29510
29520
29521
29522
29523
29524
29525
29532
29533
29534
29538
29539
29540
29544
29545
29546
29550
29551
29552
29556
29557
29558
29562
29563
29564
29565
29566
29567
29568
29569
29570
29580
29581
29582
29583
29584
29585
29592
29593
29594
29598
29599
29600
29604
29605
29606
29610
29611
29612
29616
29617
29618
29622
29623
29624
29625
29626
29627
29628
29629
29630
29640
29641
29642
29643
29644
29645
29652
29653
29654
29658
29659
29660
29664
29665
29666
29670
29671
29672
29676
29677
29678
29682
29683
29684
29685
29686
29687
29688
29689
29690
29700
29701
29702
29703
29704
29705
29712
29713
29714
29718
29719
29720
29724
29725
29726
29730
29731
29732
29736
29737
29738
29742
29743
29744
29745
29746
29747
29748
29749
29750
29760
29761
29762
29763
29764
29765
29772
29773
29774
29778
29779
29780
29784
29785
29786
29790
29791
29792
29796
29797
29798
29802
29803
29804
29805
29806
29807
29808
29809
29810
29820
29821
29822
29823
29824
29825
29832
29833
29834
29838
29839
29840
29844
29845
29846
29850
29851
29852
29856
29857
29858
29862
29863
29864
29865
29866
29867
29868
29869
29870
29880
29881
29882
29883
29884
29885
29892
29893
29894
29898
29899
29900
29904
29905
29906
29910
29911
29912
29916
29917
29918
29922
29923
29924
29925
29926
29927
29928
29929
29930
29940
29941
29942
29943
29944
29945
29952
29953
29954
29958
29959
29960
29964
29965
29966
29970
29971
29972
29976
29977
29978
29982
29983
29984
29985
29986
29987
29988
29989
29990
30000
30001
30002
30003
30004
30005
30012
30013
30014
30018
30019
30020
30024
30025
30026
30030
30031
30032
30036
30037
30038
30042
30043
30044
30045
30046
30047
30048
30049
30050
30060
30061
30062
30063
30064
30065
30072
30073
30074
30078
30079
30080
30084
30085
30086
30090
30091
30092
30096
30097
30098
30102
30103
30104
30105
30106
30107
30108
30109
30110
30120
30121
30122
30123
30124
30125
30132
30133
30134
30138
30139
30140
30144
30145
30146
30150
30151
30152
30156
30157
30158
30162
30163
30164
30165
30166
30167
30168
30169
30170
30180
30181
30182
30183
30184
30185
30192
30193
30194
30198
30199
30200
30204
30205
30206
30210
30211
30212
30216
30217
30218
30222
30223
30224
30225
30226
30227
30228
30229
30230
30240
30241
30242
30243
30244
30245
30252
30253
30254
30258
30259
30260
30264
30265
30266
30270
30271
30272
30276
30277
30278
30282
30283
30284
30285
30286
30287
30288
30289
30290
30300
30301
30302
30303
30304
30305
30312
30313
30314
30318
30319
30320
30324
30325
30326
30330
30331
30332
30336
30337
30338
30342
30343
30344
30345
30346
30347
30348
30349
30350
30360
30361
30362
30363
30364
30365
30372
30373
30374
30378
30379
30380
30384
30385
30386
30390
30391
30392
30396
30397
30398
30402
30403
30404
30405
30406
30407
30408
30409
30410
30420
30421
30422
30423
30424
30425
30432
30433
30434
30438
30439
30440
30444
30445
30446
30450
30451
30452
30456
30457
30458
30462
30463
30464
30465
30466
30467
30468
30469
30470
30480
30481
30482
30483
30484
30485
30492
30493
30494
30498
30499
30500
30504
30505
30506
30510
30511
30512
30516
30517
30518
30522
30523
30524
30525
30526
30527
30528
30529
30530
30540
30541
30542
30543
30544
30545
30552
30553
30554
30558
30559
30560
30564
30565
30566
30570
30571
30572
30576
30577
30578
30582
30583
30584
30585
30586
30587
30588
30589
30590
30600
30601
30602
30603
30604
30605
30612
30613
30614
30618
30619
30620
30624
30625
30626
30630
30631
30632
30636
30637
30638
30642
30643
30644
30645
30646
30647
30648
30649
30650
30660
30661
30662
30663
30664
30665
30672
30673
30674
30678
30679
30680
30684
30685
30686
30690
30691
30692
30696
30697
30698
30702
30703
30704
30705
30706
30707
30708
30709
30710
30720
30721
30722
30723
30724
30725
30732
30733
30734
30738
30739
30740
30744
30745
30746
30750
30751
30752
30756
30757
30758
30762
30763
30764
30765
30766
30767
30768
30769
30770
30780
30781
30782
30783
30784
30785
30792
30793
30794
30798
30799
30800
30804
30805
30806
30810
30811
30812
30816
30817
30818
30822
30823
30824
30825
30826
30827
30828
30829
30830
30840
30841
30842
30843
30844
30845
30852
30853
30854
30858
30859
30860
30864
30865
30866
30870
30871
30872
30876
30877
30878
30882
30883
30884
30885
30886
30887
30888
30889
30890
30900
30901
30902
30903
30904
30905
30912
30913
30914
30918
30919
30920
30924
30925
30926
30930
30931
30932
30936
30937
30938
30942
30943
30944
30945
30946
30947
30948
30949
30950
30960
30961
30962
30963
30964
30965
30972
30973
30974
30978
30979
30980
30984
30985
30986
30990
30991
30992
30996
30997
30998
31002
31003
31004
31005
31006
31007
31008
31009
31010
31020
31021
31022
31023
31024
31025
31032
31033
31034
31038
31039
31040
31044
31045
31046
31050
31051
31052
31056
31057
31058
31062
31063
31064
31065
31066
31067
31068
31069
31070
31080
31081
31082
31083
31084
31085
31092
31093
31094
31098
31099
31100
31104
31105
31106
31110
31111
31112
31116
31117
31118
31122
31123
31124
31125
31126
31127
31128
31129
31130
31140
31141
31142
31143
31144
31145
31152
31153
31154
31158
31159
31160
31164
31165
31166
31170
31171
31172
31176
31177
31178
31182
31183
31184
31185
31186
31187
31188
31189
31190
31200
31201
31202
31203
31204
31205
31212
31213
31214
31218
31219
31220
31224
31225
31226
31230
31231
31232
31236
31237
31238
31242
31243
31244
31245
31246
31247
31248
31249
31250
31260
31261
31262
31263
31264
31265
31272
31273
31274
31278
31279
31280
31284
31285
31286
31290
31291
31292
31296
31297
31298
31302
31303
31304
31305
31306
31307
31308
31309
31310
31320
31321
31322
31323
31324
31325
31332
31333
31334
31338
31339
31340
31344
31345
31346
31350
31351
31352
31356
31357
31358
31362
31363
31364
31365
31366
31367
31368
31369
31370
31380
31381
31382
31383
31384
31385
31392
31393
31394
31398
31399
31400
31404
31405
31406
31410
31411
31412
31416
31417
31418
31422
31423
31424
31425
31426
31427
31428
31429
31430
31440
31441
31442
31443
31444
31445
31452
31453
31454
31458
31459
31460
31464
31465
31466
31470
31471
31472
31476
31477
31478
31482
31483
31484
31485
31486
31487
31488
31489
31490
31500
31501
31502
31503
31504
31505
31512
31513
31514
31518
31519
31520
31524
31525
31526
31530
31531
31532
31536
31537
31538
31542
31543
31544
31545
31546
31547
31548
31549
31550
31560
31561
31562
31563
31564
31565
31572
31573
31574
31578
31579
31580
31584
31585
31586
31590
31591
31592
31596
31597
31598
31602
31603
31604
31605
31606
31607
31608
31609
31610
31620
31621
31622
31623
31624
31625
31632
31633
31634
31638
31639
31640
31644
31645
31646
31650
31651
31652
31656
31657
31658
31662
31663
31664
31665
31666
31667
31668
31669
31670
31680
31681
31682
31683
31684
31685
31692
31693
31694
31698
31699
31700
31704
31705
31706
31710
31711
31712
31716
31717
31718
31722
31723
31724
31725
31726
31727
31728
31729
31730
31740
31741
31742
31743
31744
31745
31752
31753
31754
31758
31759
31760
31764
31765
31766
31770
31771
31772
31776
31777
31778
31782
31783
31784
31785
31786
31787
31788
31789
31790
31800
31801
31802
31803
31804
31805
31812
31813
31814
31818
31819
31820
31824
31825
31826
31830
31831
31832
31836
31837
31838
31842
31843
31844
31845
31846
31847
31848
31849
31850
31860
31861
31862
31863
31864
31865
31872
31873
31874
31878
31879
31880
31884
31885
31886
31890
31891
31892
31896
31897
31898
31902
31903
31904
31905
31906
31907
31908
31909
31910
31920
31921
31922
31923
31924
31925
31932
31933
31934
31938
31939
31940
31944
31945
31946
31950
31951
31952
31956
31957
31958
31962
31963
31964
31965
31966
31967
31968
31969
31970
31980
31981
31982
31983
31984
31985
31992
31993
31994
31998
31999
32000
32004
32005
32006
32010
32011
32012
32016
32017
32018
32022
32023
32024
32025
32026
32027
32028
32029
32030
32040
32041
32042
32043
32044
32045
32052
32053
32054
32058
32059
32060
32064
32065
32066
32070
32071
32072
32076
32077
32078
32082
32083
32084
32085
32086
32087
32088
32089
32090
32100
32101
32102
32103
32104
32105
32112
32113
32114
32118
32119
32120
32124
32125
32126
32130
32131
32132
32136
32137
32138
32142
32143
32144
32145
32146
32147
32148
32149
32150
32160
32161
32162
32163
32164
32165
32172
32173
32174
32178
32179
32180
32184
32185
32186
32190
32191
32192
32196
32197
32198
32202
32203
32204
32205
32206
32207
32208
32209
32210
32220
32221
32222
32223
32224
32225
32232
32233
32234
32238
32239
32240
32244
32245
32246
32250
32251
32252
32256
32257
32258
32262
32263
32264
32265
32266
32267
32268
32269
32270
32280
32281
32282
32283
32284
32285
32292
32293
32294
32298
32299
32300
32304
32305
32306
32310
32311
32312
32316
32317
32318
32322
32323
32324
32325
32326
32327
32328
32329
32330
32340
32341
32342
32343
32344
32345
32352
32353
32354
32358
32359
32360
32364
32365
32366
32370
32371
32372
32376
32377
32378
32382
32383
32384
32385
32386
32387
32388
32389
32390
32400
32401
32402
32403
32404
32405
32412
32413
32414
32418
32419
32420
32424
32425
32426
32430
32431
32432
32436
32437
32438
32442
32443
32444
32445
32446
32447
32448
32449
32450
32460
32461
32462
32463
32464
32465
32472
32473
32474
32478
32479
32480
32484
32485
32486
32490
32491
32492
32496
32497
32498
32502
32503
32504
32505
32506
32507
32508
32509
32510
32520
32521
32522
32523
32524
32525
32532
32533
32534
32538
32539
32540
32544
32545
32546
32550
32551
32552
32556
32557
32558
32562
32563
32564
32565
32566
32567
32568
32569
32570
32580
32581
32582
32583
32584
32585
32592
32593
32594
32598
32599
32600
32604
32605
32606
32610
32611
32612
32616
32617
32618
32622
32623
32624
32625
32626
32627
32628
32629
32630
32640
32641
32642
32643
32644
32645
32652
32653
32654
32658
32659
32660
32664
32665
32666
32670
32671
32672
32676
32677
32678
32682
32683
32684
32685
32686
32687
32688
32689
32690
32700
32701
32702
32703
32704
32705
32712
32713
32714
32718
32719
32720
32724
32725
32726
32730
32731
32732
32736
32737
32738
32742
32743
32744
32745
32746
32747
32748
32749
32750
32760
32761
32762
32763
32764
32765
)


// ************************************************************************* //
